DIMENSION : 32
CAPACITY : 10000
NODE_COORD_SECTION
1 82 76
2 96 44
3 50 5
4 49 8
5 13 7
6 29 89
7 58 30
8 84 39
9 14 24
10 2 39
11 3 82
12 5 10
13 98 52
14 84 25
15 61 59
16 1 65
17 88 51
18 91 2
19 19 32
20 93 3
21 50 93
22 98 14
23 5 42
24 42 9
25 61 62
26 9 97
27 80 55
28 57 69
29 23 15
30 20 70
31 85 60
32 98 5
DEMAND_SECTION 
1 0 
2 1900 
3 2100 
4 600 
5 1900 
6 700 
7 1200 
8 1600 
9 600 
10 1600 
11 800 
12 1400 
13 2100 
14 1600 
15 300 
16 2200 
17 1800 
18 1900 
19 100 
20 2400 
21 800 
22 1200 
23 400 
24 800 
25 2400 
26 2400 
27 200 
28 2000 
29 1500 
30 200 
31 1400 
32 900 