DIMENSION : 31
CAPACITY : 10000
NODE_COORD_SECTION
1 17 76
2 24 6
3 96 29
4 14 19
5 14 32
6 0 34
7 16 22
8 20 26
9 22 28
10 17 23
11 98 30
12 30 8
13 23 27
14 19 23
15 34 7
16 31 7
17 0 37
18 19 23
19 0 36
20 26 7
21 98 32
22 5 40
23 17 26
24 21 26
25 28 8
26 1 35
27 27 28
28 99 30
29 26 28
30 17 29
31 20 26
DEMAND_SECTION 
1 0 
2 2500 
3 300 
4 1300 
5 1700 
6 1600 
7 900 
8 2200 
9 1000 
10 1600 
11 800 
12 300 
13 1600 
14 1600 
15 1000 
16 2400 
17 1600 
18 1500 
19 1400 
20 500 
21 1200 
22 200 
23 1800 
24 2000 
25 1500 
26 800 
27 2200 
28 1500 
29 1000 
30 1300 
31 1900 