DIMENSION : 50
CAPACITY : 10000
NODE_COORD_SECTION
1 49 53
2 59 1
3 17 83
4 85 57
5 47 21
6 1 21
7 25 69
8 75 63
9 3 7
10 56 26
11 86 58
12 8 8
13 59 27
14 64 2
15 86 64
16 28 72
17 88 58
18 18 90
19 82 64
20 22 92
21 6 10
22 10 24
23 59 29
24 52 24
25 94 62
26 76 68
27 66 2
28 90 58
29 20 84
30 50 22
31 76 64
32 63 33
33 20 84
34 59 31
35 32 74
36 48 24
37 2 30
38 10 8
39 57 27
40 68 6
41 28 74
42 63 35
43 86 58
44 90 62
45 22 90
46 6 28
47 62 8
48 59 35
49 18 88
50 30 76
DEMAND_SECTION 
1 0 
2 2100 
3 800 
4 1100 
5 700 
6 2100 
7 500 
8 1300 
9 1000 
10 900 
11 2000 
12 700 
13 1200 
14 2300 
15 200 
16 400 
17 1400 
18 1200 
19 300 
20 500 
21 1300 
22 500 
23 1200 
24 200 
25 300 
26 1800 
27 2400 
28 400 
29 6300 
30 1900 
31 200 
32 900 
33 400 
34 900 
35 2300 
36 600 
37 300 
38 1200 
39 700 
40 1700 
41 2200 
42 2600 
43 1400 
44 900 
45 200 
46 1600 
47 2400 
48 400 
49 1900 
50 1100  