DIMENSION : 60
CAPACITY : 12000
NODE_COORD_SECTION
1 40 40
2 22 22
3 36 26
4 21 45
5 45 35
6 55 20
7 33 34
8 50 50
9 55 45
10 26 59
11 40 66
12 55 65
13 35 51
14 62 35
15 62 57
16 62 24
17 21 36
18 33 44
19 9 56
20 62 48
21 66 14
22 44 13
23 26 13
24 11 28
25 7 43
26 17 64
27 41 46
28 55 34
29 35 16
30 52 26
31 43 26
32 31 76
33 22 53
34 26 29
35 50 40
36 55 50
37 54 10
38 60 15
39 47 66
40 30 60
41 30 50
42 12 17
43 15 14
44 16 19
45 21 48
46 50 30
47 51 42
48 50 15
49 48 21
50 12 38
51 15 56
52 29 39
53 54 38
54 55 57
55 67 41
56 10 70
57 6 25
58 65 27
59 40 60
60 50 4
DEMAND_SECTION
1 0
2 1800
3 2600
4 1100
5 3000
6 2100
7 1900
8 1500
9 1600
10 2900
11 2600
12 3700
13 1600
14 1200
15 3100
16 800
17 1900
18 2000
19 1300
20 1500
21 2200
22 2800
23 1200
24 600
25 2700
26 1400
27 1800
28 1700
29 2900
30 1300
31 2200
32 2500
33 2800
34 2700
35 1900
36 1000
37 1200
38 1400
39 2400
40 1600
41 3300
42 1500
43 1100
44 1800
45 1700
46 2100
47 2700
48 1900
49 2000
50 500
51 2200
52 1200
53 1900
54 2200
55 1600
56 700
57 2600
58 1400
59 2100
60 2400