DIMENSION : 101
CAPACITY : 14090
NODE_COORD_SECTION
1 0 0
2 -5 70
3 -17 69
4 -19 85
5 9 99
6 15 82
7 -21 102
8 -16 68
9 15 72
10 12 78
11 1 102
12 15 91
13 9 83
14 2 82
15 -7 76
16 -17 79
17 12 70
18 -18 99
19 -9 104
20 9 -24
21 23 -34
22 9 -44
23 12 -30
24 16 -36
25 40 -21
26 39 -15
27 42 -6
28 29 -43
29 20 -8
30 24 -38
31 47 -15
32 34 -28
33 41 -39
34 39 -30
35 23 -34
36 38 -8
37 20 -40
38 21 -9
39 46 -13
40 90 67
41 70 39
42 78 73
43 49 47
44 45 75
45 86 61
46 86 59
47 54 65
48 46 38
49 63 68
50 55 74
51 62 69
52 58 70
53 25 17
54 7 1
55 8 6
56 12 -2
57 14 -7
58 13 -1
59 8 12
60 25 13
61 11 3
62 15 -7
63 4 -6
64 18 -4
65 10 -1
66 16 -10
67 96 5
68 60 28
69 75 -19
70 107 5
71 70 -4
72 110 -2
73 90 3
74 80 -17
75 59 -21
76 83 14
77 -56 62
78 -39 71
79 -40 72
80 -41 77
81 -37 78
82 -31 70
83 -52 81
84 -50 81
85 -41 77
86 -35 85
87 -41 71
88 -57 72
89 -47 74
90 -56 70
91 -32 82
92 -50 69
93 -57 86
94 -33 79
95 -64 71
96 -58 56
97 -74 69
98 -65 57
99 1 56
100 12 41
101 24 53
DEMAND_SECTION
1 0
2 130
3 1220
4 300
5 30
6 50
7 4220
8 130
9 220
10 1730
11 410
12 80
13 80
14 1100
15 1980
16 3840
17 1930
18 2380
19 2650
20 30
21 4690
22 70
23 60
24 1080
25 100
26 400
27 6350
28 490
29 1490
30 4030
31 420
32 700
33 2010
34 660
35 5260
36 60
37 2790
38 1600
39 30
40 40
41 1050
42 460
43 4740
44 70
45 70
46 990
47 1260
48 1190
49 460
50 2730
51 910
52 2940
53 40
54 810
55 2850
56 900
57 4620
58 650
59 60
60 40
61 5290
62 1650
63 40
64 3940
65 30
66 600
67 8990
68 1690
69 100
70 470
71 370
72 230
73 250
74 4440
75 30
76 990
77 580
78 70
79 110
80 150
81 3810
82 70
83 390
84 5020
85 1150
86 850
87 30
88 1360
89 1110
90 660
91 500
92 2520
93 40
94 1190
95 7460
96 60
97 510
98 3220
99 10230
100 50
101 100