DIMENSION : 101
CAPACITY : 18420
NODE_COORD_SECTION
1 0 0
2 35 -56
3 72 -58
4 70 -66
5 45 -40
6 39 -40
7 60 -50
8 42 -59
9 31 -46
10 44 -58
11 45 -67
12 69 -46
13 24 0
14 12 -4
15 1 -21
16 3 29
17 19 -13
18 13 -14
19 25 11
20 24 23
21 3 7
22 23 19
23 2 -7
24 5 23
25 32 5
26 14 25
27 -16 -4
28 24 17
29 0 -7
30 -74 -22
31 -64 -24
32 -71 -19
33 -91 -15
34 -65 -14
35 -91 -26
36 -76 -7
37 -66 -4
38 -87 -10
39 -73 -8
40 -81 -1
41 -82 -24
42 -87 -25
43 -76 -25
44 -75 -6
45 -70 -3
46 -64 -22
47 -66 -5
48 -72 -10
49 -89 -3
50 -86 -3
51 -57 -9
52 -22 -36
53 -44 19
54 -21 6
55 -49 -4
56 -68 -7
57 -42 11
58 -69 3
59 -49 9
60 -68 -19
61 -57 -7
62 -61 -34
63 -36 16
64 -56 2
65 -67 0
66 -17 -14
67 -17 -20
68 -28 -26
69 -70 -21
70 -46 -14
71 -52 36
72 -33 62
73 -53 49
74 -39 59
75 33 73
76 38 88
77 43 77
78 -60 19
79 -61 27
80 -66 23
81 -61 20
82 -55 19
83 -5 -38
84 -9 -41
85 -12 -31
86 -9 -45
87 -6 -33
88 -1 -49
89 -14 -44
90 85 -1
91 67 -1
92 60 30
93 78 12
94 57 31
95 63 -1
96 88 -3
97 85 -13
98 78 17
99 56 4
100 99 -14
101 53 16
DEMAND_SECTION
1 0
2 500
3 500
4 1700
5 2970
6 90
7 6300
8 1790
9 1790
10 2160
11 40
12 90
13 1540
14 1170
15 630
16 4360
17 9050
18 140
19 30
20 100
21 1660
22 2110
23 80
24 250
25 1390
26 2130
27 7580
28 4290
29 50
30 1360
31 5010
32 930
33 210
34 1690
35 220
36 30
37 2710
38 4330
39 30
40 10790
41 2330
42 110
43 100
44 780
45 630
46 40
47 590
48 80
49 340
50 2340
51 300
52 400
53 1230
54 70
55 330
56 3690
57 110
58 230
59 2080
60 40
61 80
62 360
63 5040
64 160
65 5740
66 190
67 2350
68 4450
69 60
70 430
71 2100
72 2680
73 4100
74 1240
75 110
76 10850
77 50
78 5290
79 1070
80 2740
81 230
82 1560
83 320
84 1770
85 160
86 80
87 190
88 520
89 470
90 40
91 3720
92 5250
93 1010
94 8980
95 400
96 320
97 10170
98 1030
99 1090
100 760
101 10250