DIMENSION : 101
CAPACITY : 20430
NODE_COORD_SECTION
1 0 0
2 -2 -5
3 3 -1
4 -2 7
5 3 0
6 7 -3
7 -5 -1
8 -3 0
9 0 -3
10 4 1
11 4 -5
12 -2 -4
13 5 -5
14 -4 1
15 -2 3
16 7 2
17 -13 80
18 -6 88
19 -16 83
20 -14 77
21 -26 88
22 -24 79
23 -25 78
24 -11 80
25 -5 88
26 -21 90
27 -5 82
28 -20 80
29 -6 91
30 -25 89
31 -25 74
32 -8 88
33 -21 74
34 -23 74
35 -5 87
36 -8 91
37 -3 -8
38 -30 15
39 -14 24
40 -12 11
41 -1 7
42 2 14
43 -26 15
44 -36 2
45 -29 7
46 -1 28
47 -7 17
48 -10 31
49 -20 -2
50 -33 20
51 -26 0
52 -13 9
53 -8 12
54 -35 -8
55 -33 23
56 10 -70
57 8 -95
58 -12 -101
59 6 -113
60 -17 -76
61 -23 -102
62 11 -104
63 -19 -96
64 -13 -79
65 -53 -32
66 -78 -2
67 -87 -61
68 -60 -32
69 -6 -12
70 10 -16
71 -7 -11
72 0 3
73 10 2
74 -1 -15
75 1 -3
76 15 -2
77 10 4
78 8 3
79 -58 32
80 -88 38
81 -76 34
82 -83 50
83 -67 43
84 -75 34
85 -91 44
86 -24 1
87 -20 4
88 -17 -4
89 -25 -1
90 -17 2
91 -24 2
92 -12 -2
93 -14 1
94 -18 2
95 -20 5
96 -14 4
97 -23 9
98 -22 -3
99 -22 -2
100 17 1
101 5 7
DEMAND_SECTION
1 0
2 10660
3 8410
4 740
5 6870
6 1750
7 1830
8 1240
9 40
10 810
11 560
12 290
13 230
14 40
15 90
16 70
17 1810
18 540
19 8840
20 8220
21 6370
22 590
23 1400
24 5310
25 580
26 150
27 110
28 1850
29 1590
30 2850
31 40
32 100
33 30
34 40
35 110
36 450
37 40
38 2250
39 2860
40 2620
41 40
42 3910
43 540
44 5180
45 8150
46 250
47 290
48 180
49 5880
50 680
51 4800
52 50
53 160
54 340
55 50
56 90
57 220
58 1200
59 1520
60 210
61 440
62 6760
63 170
64 7640
65 130
66 60
67 7180
68 520
69 110
70 930
71 3980
72 480
73 370
74 30
75 80
76 4060
77 10860
78 30
79 520
80 880
81 280
82 6860
83 250
84 1010
85 40
86 150
87 4450
88 40
89 5930
90 3270
91 920
92 210
93 120
94 440
95 7730
96 40
97 140
98 7830
99 30
100 5000
101 3900