DIMENSION : 101
CAPACITY : 12970
NODE_COORD_SECTION
1 0 0
2 -7 9
3 -7 8
4 -15 16
5 -2 13
6 0 3
7 -9 6
8 2 5
9 -13 9
10 -15 10
11 -14 2
12 1 0
13 -40 24
14 -54 -15
15 -43 10
16 -73 -2
17 -76 4
18 -45 31
19 -29 36
20 -78 11
21 -31 25
22 -67 17
23 -31 4
24 -51 10
25 -30 -9
26 -51 24
27 -80 -10
28 -34 4
29 -45 25
30 73 32
31 78 59
32 58 53
33 57 55
34 20 85
35 -12 81
36 -8 86
37 12 33
38 19 86
39 -11 44
40 -2 67
41 25 76
42 -29 44
43 4 80
44 -2 84
45 -8 54
46 -16 34
47 -14 80
48 -17 32
49 19 39
50 -20 82
51 17 42
52 -4 5
53 -20 25
54 -12 14
55 -11 11
56 -12 4
57 -1 21
58 -1 1
59 -9 21
60 9 3
61 5 14
62 -9 27
63 -20 11
64 0 30
65 -12 15
66 -3 17
67 -58 -60
68 -71 -58
69 -32 -34
70 -59 -37
71 -48 -19
72 -71 -49
73 22 -4
74 13 -10
75 22 -17
76 13 12
77 3 -5
78 27 -4
79 2 -3
80 -2 -22
81 30 1
82 22 -6
83 -27 62
84 -20 64
85 -26 69
86 -20 66
87 -29 67
88 -84 -10
89 -69 -22
90 -79 -4
91 -84 -19
92 -63 -12
93 -76 -14
94 -70 -4
95 30 39
96 23 39
97 30 48
98 36 21
99 32 16
100 42 30
101 62 16
DEMAND_SECTION
1 00
2 940
3 120
4 170
5 6190
6 610
7 30
8 40
9 130
10 440
11 120
12 350
13 1140
14 290
15 760
16 1060
17 1570
18 430
19 40
20 380
21 2120
22 420
23 100
24 190
25 8560
26 130
27 670
28 1440
29 3100
30 850
31 10610
32 3440
33 220
34 150
35 2190
36 440
37 3700
38 740
39 820
40 30
41 390
42 540
43 220
44 1710
45 650
46 4050
47 190
48 70
49 5860
50 150
51 1490
52 1410
53 90
54 2610
55 40
56 50
57 210
58 250
59 860
60 860
61 1240
62 1230
63 110
64 410
65 2790
66 1490
67 90
68 650
69 1550
70 60
71 830
72 110
73 7350
74 40
75 560
76 260
77 50
78 340
79 130
80 10170
81 850
82 100
83 70
84 60
85 5240
86 160
87 150
88 1170
89 480
90 430
91 640
92 300
93 30
94 210
95 5140
96 6250
97 70
98 2570
99 6030
100 40
101 40