DIMENSION : 3001
CAPACITY : 10000
NODE_COORD_SECTION
1 70.0 100.0
2 62.6 111.1
3 87.2 128.1
4 73.7 127.7
5 72.5 117.5
6 57.7 109.4
7 65.1 115.8
8 119.7 95.4
9 74.1 120.8
10 89.5 132.3
11 85.4 115.2
12 42.0 112.1
13 82.5 114.2
14 85.0 102.7
15 56.7 149.7
16 45.2 111.6
17 45.7 102.3
18 48.2 101.3
19 64.4 112.2
20 97.7 131.8
21 65.7 94.2
22 66.0 135.5
23 59.9 104.6
24 73.5 112.6
25 33.6 118.2
26 92.7 118.8
27 79.0 139.4
28 70.1 137.8
29 40.3 131.3
30 70.8 115.9
31 103.3 158.8
32 100.3 145.1
33 11.3 158.4
34 130.4 128.6
35 38.1 124.2
36 73.8 148.8
37 104.5 85.6
38 32.9 117.1
39 60.1 134.8
40 103.1 91.2
41 86.9 62.6
42 31.2 162.4
43 46.4 115.9
44 92.1 126.7
45 95.6 120.2
46 49.5 113.7
47 59.5 105.8
48 33.5 164.5
49 79.1 76.5
50 69.5 137.2
51 81.2 153.5
52 86.5 184.4
53 82.6 38.4
54 54.6 99.8
55 60.3 134.1
56 25.6 140.1
57 60.2 111.5
58 86.6 144.6
59 56.7 135.7
60 80.4 106.5
61 77.6 125.3
62 95.6 10.4
63 34.3 133.0
64 46.8 135.1
65 54.1 96.9
66 104.3 73.6
67 64.8 123.6
68 62.7 131.9
69 63.8 120.3
70 58.1 124.6
71 68.6 130.3
72 102.8 124.0
73 29.7 113.9
74 92.8 85.1
75 71.7 125.8
76 67.2 109.2
77 38.7 133.4
78 65.5 111.8
79 69.7 124.5
80 108.2 114.1
81 43.6 103.1
82 70.0 119.3
83 99.3 125.7
84 59.2 44.8
85 66.5 112.9
86 53.6 160.3
87 36.8 144.0
88 96.1 75.9
89 76.2 103.5
90 54.8 115.2
91 86.3 111.9
92 95.3 93.2
93 59.1 96.6
94 102.6 168.2
95 56.9 148.4
96 98.3 113.7
97 9.3 154.6
98 78.4 33.3
99 72.7 130.7
100 101.5 179.8
101 56.0 114.5
102 86.1 176.9
103 98.4 81.9
104 57.8 140.4
105 89.6 71.2
106 36.7 120.1
107 58.0 151.1
108 99.6 16.5
109 85.8 105.1
110 90.6 97.3
111 72.4 120.2
112 125.8 103.8
113 75.8 159.8
114 48.0 135.4
115 56.2 142.6
116 72.5 119.3
117 99.3 93.0
118 74.4 118.2
119 36.6 149.0
120 65.7 85.9
121 77.0 178.4
122 56.9 102.1
123 76.0 135.0
124 68.2 129.3
125 58.8 160.1
126 60.0 97.2
127 84.4 95.5
128 86.7 114.6
129 33.1 128.5
130 62.1 108.6
131 116.6 111.2
132 62.0 124.7
133 70.9 138.6
134 27.8 144.4
135 111.3 122.0
136 117.6 107.7
137 86.3 129.3
138 39.3 133.3
139 88.1 102.2
140 49.6 117.1
141 107.6 76.5
142 97.6 138.5
143 43.9 112.6
144 70.4 119.8
145 86.8 135.1
146 95.4 172.1
147 21.2 124.7
148 52.7 118.6
149 87.2 76.4
150 68.5 115.1
151 71.5 101.7
152 48.2 151.2
153 72.9 114.2
154 51.5 128.1
155 61.3 21.3
156 69.0 113.1
157 61.0 125.7
158 87.4 107.9
159 94.9 175.5
160 52.2 109.4
161 66.6 111.3
162 63.5 144.0
163 72.1 122.7
164 66.9 118.3
165 45.0 129.8
166 80.5 122.1
167 101.0 15.9
168 60.7 93.8
169 67.9 111.8
170 102.4 136.7
171 60.2 33.5
172 100.5 121.5
173 70.7 128.4
174 82.0 120.6
175 56.7 36.7
176 68.2 142.0
177 49.7 128.8
178 54.2 134.5
179 62.7 99.0
180 104.0 177.8
181 27.2 142.8
182 32.9 112.3
183 111.5 142.4
184 69.7 108.8
185 39.0 142.4
186 85.7 107.2
187 113.0 145.8
188 67.1 119.9
189 65.3 127.5
190 78.7 133.3
191 96.1 119.9
192 61.6 118.1
193 53.2 122.0
194 47.5 148.1
195 69.2 114.3
196 77.5 131.5
197 58.2 152.9
198 63.4 110.3
199 71.6 131.7
200 113.8 147.2
201 58.0 120.4
202 67.6 118.9
203 51.8 113.5
204 30.5 112.3
205 9.4 151.1
206 89.8 106.8
207 55.5 122.8
208 37.3 132.9
209 61.9 111.2
210 42.0 116.8
211 87.0 179.0
212 60.4 126.2
213 76.5 134.2
214 65.9 121.4
215 63.4 119.5
216 111.2 61.2
217 49.3 117.6
218 63.2 104.7
219 72.1 113.0
220 50.5 81.8
221 51.3 134.8
222 86.7 129.0
223 69.3 110.3
224 89.2 138.8
225 92.1 75.2
226 89.9 132.9
227 58.5 136.4
228 47.2 104.7
229 53.2 109.7
230 61.4 134.3
231 93.4 100.1
232 62.7 116.9
233 105.2 105.5
234 78.1 174.4
235 96.0 14.7
236 102.0 183.6
237 67.8 115.0
238 0.3 157.6
239 81.2 156.6
240 58.5 128.4
241 58.5 143.9
242 52.5 91.7
243 13.8 154.9
244 108.5 107.8
245 76.9 154.7
246 58.7 83.8
247 107.0 118.8
248 94.1 96.8
249 79.8 178.3
250 95.1 107.1
251 67.0 116.0
252 95.7 37.7
253 63.3 121.3
254 92.2 163.0
255 88.9 108.8
256 93.4 137.5
257 103.3 91.6
258 69.3 144.4
259 77.4 101.4
260 61.7 137.7
261 66.6 39.1
262 103.1 164.1
263 58.4 4.9
264 57.4 2.8
265 65.9 115.8
266 102.4 104.2
267 61.8 33.8
268 88.5 181.7
269 51.6 119.8
270 86.6 121.0
271 95.9 179.0
272 103.1 177.6
273 85.4 119.3
274 82.1 120.8
275 69.8 103.4
276 59.8 120.7
277 65.9 100.7
278 60.1 91.0
279 37.1 164.4
280 69.8 109.2
281 23.2 146.1
282 51.6 12.2
283 73.4 127.5
284 73.8 113.6
285 90.5 35.5
286 87.9 115.8
287 62.5 167.7
288 66.3 138.7
289 57.2 117.9
290 73.4 152.3
291 102.6 122.8
292 108.2 9.7
293 75.3 137.4
294 112.0 115.1
295 64.9 102.7
296 101.2 165.3
297 66.5 128.5
298 40.0 145.5
299 46.8 111.5
300 114.5 144.6
301 65.5 115.2
302 63.0 142.6
303 102.0 136.3
304 59.6 122.5
305 75.0 120.7
306 73.4 154.4
307 88.6 137.8
308 85.8 147.5
309 80.3 130.7
310 58.8 94.5
311 54.3 167.8
312 65.3 28.0
313 59.3 76.1
314 93.8 9.2
315 74.6 138.7
316 119.4 92.1
317 46.7 130.5
318 113.8 120.5
319 74.9 129.9
320 61.3 154.8
321 59.9 36.6
322 83.4 120.0
323 50.3 166.2
324 53.9 139.2
325 45.0 168.0
326 46.0 107.5
327 60.8 152.8
328 99.5 165.3
329 118.3 119.1
330 28.7 111.8
331 75.8 132.6
332 102.4 162.3
333 51.0 130.4
334 86.3 105.4
335 86.1 70.2
336 56.9 128.5
337 56.4 152.5
338 69.1 21.6
339 99.0 78.0
340 17.5 135.2
341 93.6 135.6
342 96.0 95.7
343 114.5 108.6
344 96.9 108.4
345 60.6 127.1
346 72.3 158.2
347 75.7 130.4
348 56.7 103.0
349 56.6 134.2
350 74.4 112.7
351 100.1 98.3
352 60.3 156.3
353 65.3 126.4
354 100.5 144.7
355 28.7 148.3
356 101.4 84.1
357 56.4 151.5
358 52.1 106.6
359 53.3 117.3
360 62.7 104.7
361 47.5 101.9
362 88.1 132.7
363 73.1 155.9
364 73.8 116.5
365 52.0 164.3
366 84.0 10.0
367 88.6 187.6
368 85.8 73.8
369 71.3 139.9
370 65.6 130.1
371 30.9 150.3
372 24.9 125.2
373 78.6 128.3
374 34.0 126.2
375 82.1 154.2
376 80.1 110.9
377 60.6 130.9
378 44.3 121.0
379 68.8 122.1
380 29.3 112.7
381 22.4 129.2
382 82.5 100.3
383 44.2 136.3
384 92.5 92.0
385 8.6 151.6
386 69.0 127.3
387 78.2 117.6
388 32.9 161.7
389 60.5 155.8
390 73.7 132.5
391 67.1 111.2
392 64.8 135.7
393 48.1 119.3
394 56.4 144.1
395 30.2 124.3
396 72.4 111.1
397 89.5 125.8
398 89.8 104.5
399 50.8 110.7
400 68.7 120.1
401 62.0 109.2
402 89.7 66.7
403 23.2 137.7
404 49.6 123.3
405 42.9 113.9
406 74.3 137.5
407 66.9 109.6
408 94.7 2.1
409 65.5 123.2
410 22.6 140.3
411 102.5 122.5
412 45.6 104.6
413 71.4 132.7
414 59.8 124.0
415 73.8 117.5
416 59.7 158.7
417 58.1 112.7
418 85.8 72.7
419 32.0 114.2
420 84.4 128.8
421 60.0 125.7
422 103.3 160.6
423 60.4 142.4
424 67.4 111.2
425 73.0 152.4
426 122.2 108.4
427 68.9 114.8
428 100.7 121.7
429 98.2 63.0
430 62.2 124.3
431 79.5 77.1
432 42.2 122.0
433 39.6 147.4
434 100.1 6.6
435 32.0 130.0
436 57.2 169.5
437 70.2 119.8
438 71.8 151.1
439 101.1 17.8
440 56.4 134.0
441 96.0 172.9
442 86.8 110.3
443 86.6 139.5
444 83.3 79.2
445 66.4 126.7
446 73.0 107.0
447 98.2 186.0
448 22.8 141.4
449 48.3 166.1
450 71.5 139.2
451 117.7 69.7
452 92.6 141.4
453 81.7 183.5
454 62.8 111.2
455 85.8 121.5
456 39.6 154.8
457 65.0 130.4
458 83.1 184.0
459 0.4 178.5
460 85.6 135.6
461 66.4 104.1
462 86.9 132.8
463 105.3 79.7
464 51.8 27.4
465 34.7 112.7
466 100.5 183.9
467 54.3 103.1
468 93.0 168.4
469 104.1 185.5
470 108.4 108.6
471 91.4 179.7
472 31.5 164.1
473 46.7 102.4
474 75.8 116.3
475 43.5 119.9
476 124.9 83.5
477 67.3 128.0
478 88.9 104.6
479 56.6 125.9
480 55.6 123.2
481 46.8 124.1
482 22.9 139.2
483 61.6 157.3
484 75.1 104.9
485 71.5 118.6
486 98.0 139.5
487 101.5 72.0
488 118.8 110.8
489 47.9 111.4
490 107.9 115.7
491 81.2 170.6
492 101.7 92.3
493 71.4 136.8
494 48.1 130.3
495 105.6 186.8
496 46.8 157.1
497 62.5 104.1
498 61.3 91.6
499 58.3 89.8
500 79.0 188.8
501 66.6 152.7
502 94.4 111.4
503 98.2 83.9
504 89.8 65.7
505 51.0 137.6
506 56.2 125.0
507 94.4 119.6
508 73.1 111.5
509 79.3 127.7
510 36.9 145.2
511 57.6 92.1
512 54.9 115.4
513 95.1 95.0
514 103.6 168.5
515 54.5 111.6
516 77.2 174.2
517 97.2 107.6
518 116.4 75.8
519 26.8 140.0
520 92.3 94.0
521 84.2 131.6
522 86.3 74.4
523 103.1 120.2
524 28.8 113.1
525 118.0 98.7
526 104.8 165.1
527 56.1 151.9
528 76.6 115.2
529 60.1 91.6
530 81.9 111.2
531 60.4 119.5
532 80.2 134.2
533 54.1 105.5
534 90.4 111.2
535 27.7 146.7
536 88.0 127.9
537 53.6 27.6
538 85.4 34.1
539 25.7 143.5
540 24.4 124.4
541 59.7 142.0
542 33.9 129.3
543 92.8 139.4
544 42.1 107.3
545 69.3 123.0
546 70.0 157.1
547 79.8 109.1
548 45.4 123.7
549 68.7 114.3
550 88.3 105.5
551 85.9 144.8
552 69.7 119.8
553 93.5 75.8
554 90.3 107.4
555 51.2 100.7
556 76.8 121.0
557 76.2 116.7
558 102.1 182.8
559 133.8 113.9
560 45.3 158.9
561 109.9 76.2
562 60.4 163.1
563 89.6 137.9
564 94.3 122.1
565 57.8 119.9
566 27.0 149.4
567 52.6 122.6
568 75.4 125.0
569 69.5 135.4
570 91.3 92.9
571 100.0 135.9
572 65.9 139.8
573 114.5 111.6
574 89.4 120.0
575 85.2 173.2
576 58.0 146.5
577 99.3 118.3
578 48.1 118.3
579 88.6 127.7
580 58.2 116.7
581 115.9 69.6
582 88.6 128.9
583 65.1 138.3
584 55.7 114.4
585 90.0 137.3
586 66.9 118.2
587 62.1 139.3
588 57.5 121.2
589 107.3 97.8
590 61.8 126.5
591 79.8 116.9
592 90.1 78.7
593 62.0 149.7
594 86.8 176.5
595 76.6 137.5
596 100.7 84.7
597 102.9 94.3
598 62.3 177.8
599 92.8 103.4
600 28.0 117.4
601 72.2 157.0
602 62.1 131.8
603 63.3 129.8
604 44.1 2.5
605 98.6 122.0
606 71.0 122.9
607 50.8 9.0
608 85.8 118.7
609 86.3 116.9
610 44.3 139.5
611 34.3 116.7
612 109.7 106.5
613 77.7 131.8
614 79.9 121.2
615 83.4 75.2
616 118.3 104.6
617 43.1 117.6
618 54.6 106.7
619 52.5 137.6
620 91.9 90.5
621 76.5 118.6
622 56.2 26.9
623 88.5 120.5
624 21.0 147.8
625 87.5 65.0
626 64.3 99.4
627 62.8 137.4
628 60.9 108.3
629 102.7 109.2
630 63.2 117.8
631 47.8 129.3
632 86.2 120.8
633 56.4 102.1
634 102.3 172.5
635 47.1 117.4
636 61.8 164.1
637 71.1 113.3
638 68.3 76.3
639 63.1 132.7
640 58.1 167.6
641 3.5 150.9
642 70.3 151.7
643 97.2 77.4
644 109.3 115.3
645 104.0 176.2
646 87.8 142.9
647 73.9 103.0
648 101.4 177.8
649 115.0 146.9
650 64.1 118.8
651 104.7 160.9
652 84.9 77.7
653 42.9 165.2
654 88.8 122.1
655 72.4 159.5
656 84.0 73.1
657 82.7 125.9
658 52.2 158.3
659 46.8 103.0
660 43.7 133.8
661 67.6 67.4
662 68.4 101.1
663 89.6 67.8
664 37.5 146.8
665 52.6 113.8
666 61.2 117.7
667 71.8 110.0
668 59.0 123.2
669 99.6 120.3
670 71.0 150.8
671 57.4 160.6
672 81.1 115.2
673 92.4 148.4
674 53.1 29.8
675 61.0 102.2
676 42.5 134.9
677 102.7 165.4
678 60.4 149.2
679 57.7 22.2
680 101.5 121.8
681 100.7 3.7
682 93.2 96.9
683 59.9 119.0
684 40.7 123.5
685 98.2 143.7
686 60.0 157.7
687 61.3 144.1
688 58.0 94.1
689 33.8 137.1
690 56.7 48.7
691 75.1 116.6
692 58.1 116.5
693 98.7 73.7
694 84.5 109.2
695 54.4 24.6
696 71.8 122.3
697 77.2 128.6
698 65.5 91.9
699 81.7 118.0
700 91.7 15.0
701 85.0 172.7
702 45.5 129.5
703 82.7 129.4
704 49.2 21.5
705 85.5 73.3
706 100.3 142.2
707 68.9 135.3
708 90.2 26.5
709 33.8 159.3
710 57.6 90.6
711 72.8 106.0
712 60.9 35.6
713 100.1 145.1
714 70.1 159.5
715 86.1 65.4
716 55.2 100.5
717 101.0 169.6
718 116.4 147.0
719 69.0 119.8
720 45.7 113.8
721 72.4 104.2
722 71.7 114.8
723 88.4 106.9
724 73.8 105.8
725 79.6 115.4
726 93.4 123.8
727 86.3 102.9
728 102.9 140.1
729 84.3 116.5
730 84.7 120.3
731 35.9 120.8
732 59.6 1.8
733 69.3 114.5
734 103.4 138.1
735 70.6 115.7
736 93.3 104.7
737 102.5 125.4
738 59.5 121.3
739 77.9 182.6
740 54.6 100.7
741 84.2 124.6
742 55.0 112.4
743 63.0 100.4
744 83.3 118.2
745 56.2 156.4
746 77.7 131.4
747 68.3 107.8
748 57.5 163.1
749 75.6 118.3
750 28.1 120.6
751 114.8 77.3
752 61.1 128.2
753 63.1 114.0
754 87.0 19.5
755 33.8 119.2
756 63.2 105.9
757 61.4 131.6
758 66.1 146.4
759 77.4 124.2
760 82.8 128.6
761 70.2 110.9
762 71.6 109.6
763 69.2 126.9
764 84.0 102.9
765 88.7 24.9
766 109.3 114.8
767 59.5 107.0
768 76.6 131.2
769 13.3 150.8
770 91.9 103.2
771 61.3 121.4
772 87.2 107.3
773 65.9 135.7
774 84.0 105.0
775 59.4 104.2
776 55.3 119.7
777 76.4 101.7
778 59.4 133.8
779 8.1 168.1
780 68.8 137.6
781 79.1 104.8
782 84.9 136.7
783 69.0 142.8
784 49.6 116.4
785 71.8 123.9
786 31.4 164.6
787 59.8 85.3
788 71.7 125.0
789 59.7 164.0
790 89.1 118.8
791 59.7 77.2
792 86.7 141.8
793 59.8 138.7
794 102.2 127.9
795 65.4 123.9
796 101.7 74.1
797 75.8 127.3
798 86.6 110.3
799 61.4 20.7
800 57.1 25.4
801 25.7 131.0
802 50.1 117.7
803 58.3 140.5
804 72.9 55.7
805 80.9 133.9
806 84.8 63.7
807 110.6 109.2
808 108.9 180.5
809 111.5 183.2
810 85.3 173.9
811 107.1 142.1
812 97.4 92.3
813 40.3 123.8
814 66.7 141.0
815 101.1 187.7
816 49.9 10.8
817 2.2 172.5
818 95.4 130.5
819 69.5 123.7
820 98.2 115.9
821 61.6 116.2
822 21.0 142.6
823 65.0 118.9
824 102.2 129.3
825 113.2 110.2
826 39.4 144.4
827 49.1 98.5
828 89.1 178.4
829 62.6 100.2
830 91.9 137.9
831 97.2 124.7
832 76.7 129.9
833 42.0 164.0
834 92.8 118.4
835 68.5 140.5
836 56.7 134.6
837 101.2 177.8
838 88.1 139.0
839 23.6 129.9
840 54.3 172.0
841 67.0 111.7
842 65.0 105.5
843 81.4 179.7
844 89.4 77.3
845 25.8 139.8
846 28.4 136.8
847 70.9 128.9
848 60.5 126.8
849 78.6 159.3
850 79.4 116.4
851 90.9 129.4
852 25.6 145.8
853 81.6 124.2
854 73.5 129.4
855 62.3 4.0
856 78.7 126.3
857 60.1 129.2
858 100.4 99.5
859 80.6 36.3
860 41.0 165.7
861 103.1 16.5
862 95.6 123.1
863 63.4 117.1
864 120.2 105.5
865 92.5 133.3
866 35.3 162.6
867 65.9 123.4
868 68.8 122.0
869 45.7 103.0
870 61.5 126.2
871 92.1 3.6
872 51.7 165.9
873 83.3 176.6
874 83.8 118.2
875 71.6 115.0
876 62.2 134.6
877 100.0 157.0
878 95.8 4.7
879 32.4 158.3
880 60.7 122.8
881 69.0 104.6
882 31.6 140.4
883 102.3 183.9
884 61.6 116.2
885 113.1 116.1
886 69.7 100.8
887 76.5 144.9
888 25.1 133.8
889 59.2 132.9
890 65.3 145.0
891 95.1 172.1
892 82.9 172.6
893 112.6 94.0
894 73.1 114.3
895 75.1 126.5
896 51.5 121.0
897 48.4 128.6
898 76.3 121.6
899 104.5 12.8
900 97.2 135.4
901 67.6 152.7
902 77.3 125.9
903 66.8 110.4
904 16.5 134.7
905 45.5 105.3
906 52.7 158.3
907 75.2 116.0
908 90.1 128.1
909 66.0 89.0
910 67.8 143.0
911 9.7 153.5
912 74.0 130.6
913 97.0 109.9
914 65.4 129.1
915 45.5 115.6
916 80.7 123.0
917 36.6 122.2
918 81.0 108.6
919 69.3 151.9
920 87.0 178.3
921 60.1 121.9
922 103.3 123.9
923 56.8 139.9
924 22.8 142.6
925 63.9 125.0
926 110.0 182.2
927 102.3 131.7
928 90.0 103.4
929 91.4 175.5
930 63.4 120.1
931 58.4 154.0
932 79.6 121.7
933 43.0 6.9
934 102.6 83.3
935 59.2 123.3
936 11.6 151.6
937 95.1 104.2
938 65.0 118.1
939 59.5 24.8
940 59.5 103.4
941 88.6 179.5
942 94.1 97.4
943 60.2 167.1
944 62.7 135.1
945 95.8 137.4
946 23.5 128.2
947 51.0 139.0
948 51.0 126.5
949 124.4 105.0
950 69.8 104.4
951 86.5 123.2
952 49.9 152.0
953 82.3 130.3
954 108.1 110.4
955 70.4 112.5
956 93.2 96.2
957 98.7 146.8
958 65.6 110.1
959 53.4 111.9
960 61.7 47.9
961 118.0 95.6
962 81.3 126.8
963 49.7 133.6
964 72.4 117.1
965 46.8 113.0
966 90.0 39.0
967 72.3 108.1
968 64.4 90.1
969 96.8 137.7
970 53.9 106.3
971 79.8 37.8
972 116.8 98.3
973 71.6 131.6
974 39.5 141.2
975 50.3 147.3
976 60.7 134.1
977 46.3 110.5
978 58.9 141.8
979 101.2 175.5
980 69.5 101.3
981 60.1 119.1
982 29.9 129.9
983 82.8 114.7
984 87.7 102.6
985 69.2 95.8
986 33.1 130.1
987 87.7 171.9
988 76.3 110.8
989 24.3 131.1
990 63.4 153.6
991 90.8 136.5
992 91.6 177.8
993 97.3 96.2
994 115.3 84.1
995 90.9 30.0
996 61.1 157.2
997 108.0 105.5
998 97.2 8.4
999 56.2 123.4
1000 56.2 154.8
1001 66.7 149.0
1002 44.2 157.7
1003 97.7 135.1
1004 52.6 122.2
1005 63.3 138.3
1006 71.0 115.1
1007 97.0 167.3
1008 104.4 188.8
1009 67.9 113.2
1010 61.2 112.9
1011 58.3 122.9
1012 89.3 76.6
1013 51.9 121.6
1014 84.4 106.9
1015 68.9 80.2
1016 49.1 123.7
1017 55.1 169.3
1018 66.8 139.7
1019 75.1 139.3
1020 73.5 130.6
1021 118.2 74.5
1022 42.8 161.0
1023 98.4 185.2
1024 79.6 114.5
1025 70.0 110.9
1026 65.8 98.2
1027 98.9 93.2
1028 65.7 117.1
1029 90.9 126.3
1030 76.3 131.9
1031 69.7 130.6
1032 22.0 130.6
1033 101.7 179.4
1034 68.1 113.6
1035 58.6 131.2
1036 99.3 126.7
1037 96.1 122.2
1038 56.0 47.4
1039 84.2 26.0
1040 91.6 173.3
1041 110.8 100.8
1042 83.1 123.5
1043 63.9 125.8
1044 9.8 155.7
1045 48.6 141.4
1046 93.3 117.0
1047 90.3 161.4
1048 73.5 134.3
1049 138.1 125.3
1050 59.2 117.3
1051 70.1 154.8
1052 58.1 106.6
1053 70.9 158.1
1054 60.2 113.2
1055 88.1 78.4
1056 56.8 117.4
1057 86.3 129.0
1058 48.7 128.9
1059 133.5 104.6
1060 63.2 141.1
1061 93.5 174.2
1062 42.4 145.1
1063 70.2 114.0
1064 60.1 23.2
1065 57.5 128.9
1066 32.5 151.3
1067 58.6 134.5
1068 49.4 154.9
1069 73.7 125.5
1070 94.6 3.9
1071 48.1 117.2
1072 62.5 105.2
1073 53.9 119.3
1074 39.9 133.9
1075 76.5 45.1
1076 62.5 116.5
1077 40.3 159.9
1078 60.2 141.9
1079 94.7 177.5
1080 107.8 189.0
1081 94.2 11.6
1082 59.9 122.1
1083 68.8 157.7
1084 105.9 187.0
1085 64.5 137.8
1086 64.8 113.4
1087 73.1 136.2
1088 94.7 74.3
1089 58.4 155.9
1090 60.0 120.0
1091 109.9 107.2
1092 72.1 122.9
1093 49.0 115.3
1094 59.0 88.3
1095 95.1 30.8
1096 73.0 118.8
1097 66.7 116.0
1098 76.0 114.6
1099 23.5 137.5
1100 67.8 102.1
1101 66.0 110.4
1102 99.2 17.8
1103 100.0 180.5
1104 37.8 144.7
1105 75.6 135.9
1106 66.0 113.6
1107 74.7 138.4
1108 68.7 121.3
1109 135.9 120.7
1110 75.9 23.4
1111 50.6 135.9
1112 95.8 8.3
1113 64.3 119.6
1114 81.2 104.9
1115 82.1 106.1
1116 59.1 126.4
1117 23.2 144.3
1118 88.0 107.4
1119 75.6 119.6
1120 32.2 161.1
1121 82.7 22.7
1122 45.7 108.8
1123 57.9 45.8
1124 61.1 135.8
1125 68.5 83.1
1126 63.7 117.1
1127 59.7 0.7
1128 75.3 154.4
1129 97.7 97.3
1130 85.8 133.3
1131 86.5 126.8
1132 67.9 115.4
1133 35.3 128.4
1134 81.9 130.0
1135 62.4 150.4
1136 89.2 135.7
1137 58.8 118.4
1138 67.4 110.5
1139 64.4 119.9
1140 48.3 106.6
1141 79.6 29.2
1142 31.1 153.2
1143 80.5 181.6
1144 89.8 108.1
1145 91.4 104.1
1146 75.8 147.2
1147 59.0 127.5
1148 93.5 136.8
1149 89.4 182.8
1150 33.3 113.6
1151 84.4 149.6
1152 70.7 101.6
1153 82.7 36.8
1154 118.5 96.7
1155 72.9 126.5
1156 5.4 152.3
1157 91.0 128.0
1158 84.7 111.9
1159 92.4 106.5
1160 60.9 27.4
1161 101.9 168.1
1162 68.5 123.7
1163 111.7 113.1
1164 76.5 113.6
1165 68.1 161.1
1166 63.0 118.9
1167 57.2 157.0
1168 59.6 34.8
1169 81.4 185.9
1170 71.2 111.6
1171 50.3 110.3
1172 45.2 123.4
1173 63.2 143.6
1174 100.1 143.1
1175 68.6 137.5
1176 82.9 20.0
1177 58.1 123.3
1178 106.1 72.3
1179 82.1 138.4
1180 67.4 126.7
1181 43.0 113.4
1182 81.8 22.6
1183 75.9 127.7
1184 101.9 187.9
1185 68.1 111.2
1186 46.8 128.5
1187 63.7 107.1
1188 47.1 104.4
1189 107.8 117.9
1190 23.7 138.4
1191 73.5 113.8
1192 86.8 176.1
1193 62.7 142.3
1194 59.6 138.2
1195 58.9 21.0
1196 86.5 137.7
1197 94.1 169.4
1198 85.4 100.1
1199 99.3 105.5
1200 108.5 122.0
1201 44.6 138.2
1202 51.2 112.3
1203 78.1 126.9
1204 77.9 137.1
1205 60.9 143.7
1206 61.3 124.7
1207 53.5 24.4
1208 50.8 141.3
1209 134.0 129.0
1210 70.3 114.5
1211 87.8 114.2
1212 67.9 121.7
1213 56.9 30.7
1214 48.9 17.9
1215 56.4 105.4
1216 44.3 150.2
1217 99.6 185.1
1218 60.0 112.9
1219 54.1 126.9
1220 76.1 133.2
1221 43.1 127.5
1222 48.5 116.9
1223 33.2 150.9
1224 77.1 49.3
1225 107.3 101.8
1226 102.0 135.5
1227 67.1 109.4
1228 42.4 10.4
1229 76.3 114.2
1230 88.6 77.0
1231 62.0 126.6
1232 61.6 120.2
1233 51.5 156.1
1234 81.2 127.1
1235 88.1 133.7
1236 41.9 127.4
1237 11.7 152.0
1238 25.2 130.0
1239 45.4 110.6
1240 56.7 154.9
1241 69.5 116.2
1242 101.9 109.3
1243 97.5 129.5
1244 67.2 134.3
1245 137.5 104.2
1246 69.9 155.3
1247 89.8 125.0
1248 87.2 117.0
1249 86.1 73.6
1250 92.6 112.4
1251 105.0 186.8
1252 58.1 119.6
1253 69.0 149.2
1254 74.4 103.0
1255 103.6 189.1
1256 61.1 106.5
1257 58.6 127.5
1258 71.3 140.6
1259 69.7 21.2
1260 72.3 126.2
1261 87.2 26.0
1262 76.5 130.5
1263 82.7 106.3
1264 54.1 105.8
1265 70.7 121.5
1266 83.7 79.1
1267 96.1 101.0
1268 108.4 148.5
1269 63.8 132.9
1270 70.8 100.7
1271 61.7 122.7
1272 34.9 119.2
1273 63.3 123.6
1274 51.3 123.7
1275 63.4 108.0
1276 63.5 153.6
1277 47.2 137.9
1278 124.0 103.1
1279 59.6 158.7
1280 61.9 114.7
1281 99.9 127.7
1282 56.4 103.3
1283 77.2 129.4
1284 56.4 113.7
1285 115.9 122.1
1286 100.6 167.2
1287 83.9 122.2
1288 82.5 177.6
1289 86.7 138.2
1290 53.6 114.8
1291 67.4 93.2
1292 45.9 121.6
1293 43.1 134.9
1294 68.6 118.9
1295 58.8 145.8
1296 48.6 127.8
1297 27.4 147.0
1298 88.2 110.1
1299 103.1 166.0
1300 59.3 118.9
1301 92.0 133.1
1302 42.1 118.5
1303 70.4 114.8
1304 27.9 148.5
1305 13.3 153.1
1306 81.2 175.7
1307 50.3 132.5
1308 59.2 135.9
1309 88.9 100.7
1310 104.5 172.1
1311 68.3 159.3
1312 91.7 177.9
1313 117.0 114.2
1314 93.7 115.6
1315 50.8 108.7
1316 84.7 104.8
1317 39.8 122.8
1318 90.8 115.1
1319 120.1 107.3
1320 100.7 173.6
1321 57.4 101.5
1322 72.9 155.6
1323 107.2 186.6
1324 72.4 25.1
1325 75.1 110.9
1326 64.4 118.1
1327 110.1 121.8
1328 51.4 158.9
1329 69.7 136.4
1330 35.7 160.7
1331 74.6 152.1
1332 57.6 1.5
1333 89.8 171.4
1334 59.5 115.2
1335 47.0 158.9
1336 117.2 92.5
1337 97.9 170.3
1338 57.4 34.7
1339 68.1 104.7
1340 40.5 144.2
1341 55.7 125.9
1342 105.6 115.8
1343 65.8 19.7
1344 53.7 119.4
1345 122.9 86.1
1346 58.1 133.0
1347 66.9 90.3
1348 57.5 151.8
1349 91.9 125.0
1350 85.7 117.3
1351 116.4 113.9
1352 103.8 125.6
1353 50.3 113.3
1354 76.4 56.7
1355 58.3 116.4
1356 23.5 146.9
1357 45.9 143.5
1358 44.6 121.4
1359 102.8 166.1
1360 77.7 124.6
1361 84.9 74.2
1362 72.9 110.3
1363 100.5 129.6
1364 86.7 23.6
1365 98.9 138.9
1366 64.6 122.8
1367 78.4 124.7
1368 93.9 126.6
1369 111.0 174.0
1370 87.4 31.4
1371 85.4 95.4
1372 74.9 128.5
1373 91.9 121.8
1374 23.4 130.1
1375 45.7 153.4
1376 89.0 60.0
1377 41.9 162.4
1378 54.5 143.0
1379 84.8 161.4
1380 57.1 23.1
1381 50.7 129.7
1382 76.5 149.2
1383 92.6 4.5
1384 86.6 115.7
1385 65.2 118.1
1386 89.2 78.0
1387 60.6 41.8
1388 66.5 119.1
1389 89.3 32.1
1390 74.9 159.7
1391 89.9 106.1
1392 60.6 103.6
1393 22.3 146.1
1394 47.3 127.1
1395 39.4 125.2
1396 77.1 37.0
1397 83.7 128.9
1398 93.0 172.9
1399 55.8 150.0
1400 95.6 1.9
1401 70.7 146.7
1402 101.4 127.6
1403 78.7 174.8
1404 80.7 35.7
1405 77.1 171.3
1406 102.4 3.2
1407 45.7 163.9
1408 99.5 148.8
1409 87.8 97.6
1410 95.3 76.9
1411 108.5 90.9
1412 108.9 186.1
1413 61.3 145.0
1414 61.2 121.5
1415 78.8 74.4
1416 30.4 126.5
1417 49.5 118.7
1418 24.9 146.0
1419 117.8 75.9
1420 96.2 125.8
1421 119.4 65.5
1422 96.6 121.4
1423 101.9 14.2
1424 82.3 177.7
1425 95.8 138.5
1426 47.0 117.9
1427 42.6 112.2
1428 45.9 137.6
1429 85.3 106.8
1430 64.9 27.4
1431 101.2 140.2
1432 88.8 135.1
1433 65.6 64.1
1434 89.6 116.6
1435 60.2 101.7
1436 64.6 119.5
1437 74.2 131.9
1438 52.4 16.1
1439 104.7 135.3
1440 104.3 93.0
1441 21.3 122.6
1442 94.0 109.7
1443 88.4 119.0
1444 104.6 127.9
1445 83.1 106.1
1446 44.7 129.8
1447 87.7 101.8
1448 49.6 21.2
1449 87.7 96.3
1450 91.7 3.1
1451 63.4 106.2
1452 85.9 92.9
1453 41.6 162.5
1454 73.5 152.4
1455 69.3 118.5
1456 58.8 131.9
1457 69.7 108.9
1458 120.6 108.5
1459 29.6 110.5
1460 55.0 145.9
1461 115.9 80.3
1462 50.5 158.1
1463 49.5 108.6
1464 127.5 128.5
1465 86.8 35.5
1466 10.7 152.7
1467 70.9 144.3
1468 72.8 110.4
1469 56.3 156.0
1470 57.8 62.2
1471 95.6 121.8
1472 92.9 127.9
1473 32.4 124.2
1474 74.9 160.2
1475 69.0 147.7
1476 82.1 175.0
1477 43.2 105.6
1478 66.5 144.6
1479 58.3 127.6
1480 48.7 123.9
1481 65.0 100.8
1482 50.6 108.2
1483 78.0 174.0
1484 30.8 138.1
1485 52.6 131.4
1486 47.9 156.2
1487 109.9 182.1
1488 40.8 144.3
1489 85.2 105.8
1490 31.9 133.2
1491 66.0 126.6
1492 64.5 66.7
1493 61.6 119.4
1494 102.3 17.0
1495 64.8 136.3
1496 73.5 110.1
1497 48.4 123.6
1498 59.4 161.5
1499 90.0 119.7
1500 100.2 136.0
1501 88.8 100.4
1502 76.8 137.4
1503 102.9 178.1
1504 67.5 156.8
1505 33.0 144.8
1506 103.1 91.1
1507 54.7 130.6
1508 64.9 113.0
1509 47.1 133.2
1510 60.6 21.5
1511 108.4 115.6
1512 37.3 168.9
1513 59.5 120.3
1514 89.8 106.2
1515 87.6 104.7
1516 101.9 11.3
1517 53.2 120.3
1518 63.5 113.5
1519 73.8 143.5
1520 39.4 136.2
1521 58.1 28.4
1522 65.1 145.3
1523 48.3 3.5
1524 57.6 119.3
1525 87.7 95.9
1526 101.0 125.7
1527 72.9 122.2
1528 86.2 103.4
1529 68.3 114.7
1530 90.8 120.2
1531 27.0 144.2
1532 34.1 130.7
1533 77.4 36.8
1534 51.3 120.1
1535 65.8 119.2
1536 56.4 161.4
1537 105.4 113.1
1538 95.5 178.5
1539 102.0 102.5
1540 61.4 107.1
1541 56.0 125.8
1542 45.3 101.2
1543 99.6 82.3
1544 46.5 161.4
1545 83.5 101.4
1546 69.5 108.6
1547 57.4 127.9
1548 93.7 173.8
1549 32.6 137.0
1550 11.6 152.9
1551 68.2 116.6
1552 95.1 102.0
1553 105.7 107.2
1554 72.7 126.7
1555 75.4 110.8
1556 69.9 147.2
1557 107.1 74.2
1558 7.7 156.3
1559 62.7 123.2
1560 69.6 157.8
1561 61.7 128.2
1562 139.5 106.7
1563 107.6 113.1
1564 60.5 5.6
1565 97.0 101.7
1566 96.6 161.2
1567 44.4 100.2
1568 58.3 71.3
1569 53.9 123.7
1570 87.1 122.6
1571 108.7 70.3
1572 86.6 142.0
1573 118.3 97.5
1574 87.1 129.3
1575 72.7 127.1
1576 72.1 37.4
1577 68.8 119.2
1578 81.3 132.8
1579 76.0 117.1
1580 11.4 169.3
1581 69.3 118.9
1582 65.1 130.3
1583 37.4 140.6
1584 75.8 59.2
1585 92.1 13.3
1586 98.6 168.0
1587 42.0 124.7
1588 69.5 108.5
1589 53.5 140.7
1590 115.4 110.6
1591 22.8 143.7
1592 106.6 78.0
1593 112.0 107.3
1594 48.2 140.7
1595 54.3 160.7
1596 75.8 129.0
1597 76.8 36.1
1598 10.7 154.3
1599 44.1 16.9
1600 63.8 124.5
1601 90.9 137.0
1602 118.6 107.1
1603 66.4 92.1
1604 56.7 121.4
1605 89.3 19.7
1606 91.5 136.3
1607 57.4 142.4
1608 89.4 103.0
1609 42.3 117.2
1610 56.5 132.7
1611 61.6 100.1
1612 85.4 133.0
1613 22.0 143.3
1614 19.8 159.1
1615 57.1 120.0
1616 47.1 118.4
1617 75.9 148.9
1618 63.2 118.8
1619 87.0 67.9
1620 55.3 155.6
1621 62.7 134.1
1622 90.6 110.5
1623 96.3 126.1
1624 94.5 134.5
1625 114.3 148.4
1626 69.3 132.7
1627 59.1 160.6
1628 71.9 115.9
1629 73.2 125.7
1630 65.8 85.2
1631 79.3 175.1
1632 89.3 76.8
1633 74.1 159.3
1634 54.5 119.8
1635 59.9 37.7
1636 104.1 188.8
1637 58.5 80.7
1638 61.6 138.0
1639 45.2 153.2
1640 45.9 135.6
1641 62.7 7.5
1642 94.9 128.5
1643 48.2 148.6
1644 134.0 92.2
1645 76.5 116.8
1646 51.8 100.3
1647 75.1 134.6
1648 97.3 133.4
1649 58.3 137.3
1650 91.9 107.3
1651 61.4 119.8
1652 29.1 155.1
1653 102.2 185.3
1654 86.1 67.8
1655 61.7 30.7
1656 74.5 103.6
1657 54.6 121.5
1658 95.9 124.8
1659 91.3 135.2
1660 80.5 108.2
1661 123.1 81.0
1662 48.8 112.4
1663 103.1 121.1
1664 80.0 102.3
1665 38.2 163.2
1666 52.2 151.9
1667 65.1 108.4
1668 31.6 146.8
1669 76.1 136.3
1670 63.4 135.1
1671 100.7 127.3
1672 56.9 112.7
1673 24.7 130.4
1674 101.2 186.4
1675 60.5 8.3
1676 67.7 135.9
1677 66.4 116.2
1678 30.1 112.3
1679 51.3 129.7
1680 86.1 91.1
1681 102.5 162.4
1682 88.9 70.4
1683 81.2 136.2
1684 72.4 128.2
1685 62.2 127.2
1686 54.5 94.5
1687 96.6 105.6
1688 119.2 126.9
1689 24.9 120.0
1690 52.7 100.3
1691 57.6 126.1
1692 67.6 144.7
1693 40.3 147.1
1694 101.9 186.8
1695 98.2 171.3
1696 112.5 103.4
1697 62.2 87.0
1698 65.1 108.6
1699 73.9 57.2
1700 82.3 127.6
1701 55.7 99.4
1702 57.5 123.0
1703 54.3 25.5
1704 77.4 122.6
1705 43.6 124.8
1706 85.3 69.1
1707 92.4 129.2
1708 57.1 25.2
1709 109.7 117.7
1710 49.2 141.2
1711 105.0 115.5
1712 70.7 131.7
1713 66.9 119.4
1714 65.4 123.9
1715 65.5 109.6
1716 101.7 100.5
1717 112.1 115.1
1718 92.2 142.5
1719 56.7 156.6
1720 88.3 181.8
1721 96.1 120.7
1722 85.9 123.5
1723 89.8 114.1
1724 80.9 121.1
1725 88.2 104.0
1726 84.9 62.1
1727 91.1 132.8
1728 2.7 150.3
1729 115.0 64.8
1730 31.3 118.7
1731 60.2 138.6
1732 120.5 82.5
1733 67.5 110.0
1734 46.2 112.6
1735 54.7 131.2
1736 55.1 134.5
1737 71.1 138.0
1738 79.0 125.4
1739 79.3 125.3
1740 112.6 92.9
1741 56.6 127.2
1742 51.6 110.4
1743 66.7 108.0
1744 117.4 98.2
1745 116.8 104.2
1746 70.1 132.3
1747 37.3 159.1
1748 63.9 101.8
1749 63.9 136.4
1750 74.4 123.7
1751 91.6 107.3
1752 103.6 111.5
1753 45.9 114.0
1754 93.5 10.3
1755 82.6 128.8
1756 60.6 130.0
1757 69.2 116.1
1758 73.1 114.0
1759 95.8 172.7
1760 61.9 1.7
1761 69.8 146.9
1762 69.8 124.8
1763 56.4 108.7
1764 59.0 92.4
1765 45.0 115.5
1766 101.7 119.5
1767 37.1 110.9
1768 99.2 107.8
1769 62.4 95.8
1770 44.5 10.5
1771 86.5 184.5
1772 84.7 113.9
1773 41.8 130.3
1774 64.7 100.8
1775 72.8 118.3
1776 42.4 127.1
1777 122.0 83.7
1778 119.2 108.9
1779 68.2 130.3
1780 70.2 106.6
1781 100.2 90.8
1782 103.8 130.0
1783 42.7 129.3
1784 88.2 174.6
1785 29.8 113.5
1786 89.8 27.7
1787 50.1 9.1
1788 42.4 110.8
1789 81.2 32.7
1790 55.3 131.2
1791 58.3 78.5
1792 26.0 144.1
1793 95.9 149.5
1794 74.4 133.4
1795 62.3 125.1
1796 61.6 157.7
1797 57.8 130.4
1798 78.8 104.4
1799 58.9 153.7
1800 87.9 122.8
1801 88.6 122.4
1802 84.8 75.8
1803 79.3 118.9
1804 63.3 104.7
1805 85.8 112.4
1806 47.7 151.1
1807 83.3 32.7
1808 48.9 117.8
1809 98.0 15.9
1810 56.0 115.7
1811 95.3 95.3
1812 66.2 133.3
1813 67.1 140.1
1814 104.2 143.5
1815 38.5 132.0
1816 73.2 115.3
1817 57.4 96.4
1818 65.2 94.0
1819 98.6 132.8
1820 66.5 139.8
1821 76.0 117.7
1822 74.6 114.7
1823 52.0 118.1
1824 56.2 112.2
1825 98.8 164.6
1826 63.9 94.6
1827 87.6 127.0
1828 67.6 167.8
1829 38.2 156.2
1830 56.1 102.9
1831 90.4 111.6
1832 32.6 130.3
1833 42.8 100.5
1834 100.5 109.0
1835 89.6 134.8
1836 40.8 153.8
1837 102.1 178.6
1838 24.2 137.2
1839 77.2 103.1
1840 90.0 72.8
1841 59.0 129.7
1842 69.2 113.4
1843 90.1 62.9
1844 91.4 115.2
1845 55.2 128.3
1846 58.5 85.9
1847 53.4 112.4
1848 94.0 173.7
1849 61.1 153.4
1850 49.0 118.6
1851 48.2 117.0
1852 93.8 100.4
1853 119.2 79.9
1854 73.9 137.9
1855 96.2 109.7
1856 101.9 129.2
1857 105.0 120.4
1858 48.9 112.3
1859 32.2 125.2
1860 85.7 131.9
1861 40.6 162.0
1862 90.9 125.9
1863 28.0 169.4
1864 56.8 112.0
1865 60.0 101.1
1866 104.5 133.9
1867 98.0 132.4
1868 74.2 121.8
1869 71.6 103.6
1870 75.1 52.7
1871 59.7 106.6
1872 71.5 118.0
1873 101.7 124.6
1874 91.1 141.6
1875 86.1 138.4
1876 62.1 149.6
1877 70.5 111.7
1878 51.3 119.4
1879 47.9 145.6
1880 56.3 45.3
1881 86.1 128.6
1882 61.0 102.4
1883 69.7 127.6
1884 68.7 122.5
1885 88.3 122.4
1886 71.1 116.9
1887 29.9 121.8
1888 90.5 125.9
1889 66.2 100.9
1890 59.7 84.2
1891 43.8 112.0
1892 102.6 188.2
1893 59.7 83.8
1894 107.1 69.0
1895 79.8 124.8
1896 46.4 119.9
1897 69.0 113.8
1898 82.8 130.7
1899 61.6 125.9
1900 59.9 150.9
1901 8.0 151.8
1902 24.2 138.5
1903 55.1 25.5
1904 76.4 42.1
1905 48.7 101.6
1906 21.1 148.6
1907 52.7 113.7
1908 100.5 188.5
1909 76.7 128.7
1910 50.9 165.9
1911 115.2 104.4
1912 86.6 21.3
1913 37.8 139.5
1914 61.6 117.4
1915 89.8 109.8
1916 87.0 103.2
1917 107.0 123.4
1918 68.3 110.3
1919 106.7 183.1
1920 59.3 121.5
1921 83.5 115.9
1922 104.7 171.7
1923 111.6 111.5
1924 69.4 114.7
1925 71.8 34.7
1926 56.7 33.0
1927 65.1 138.2
1928 48.2 106.8
1929 58.7 136.6
1930 63.7 115.8
1931 67.5 113.9
1932 64.1 145.3
1933 84.2 137.4
1934 74.5 123.3
1935 2.3 157.6
1936 63.4 117.2
1937 126.9 122.2
1938 97.0 121.4
1939 91.8 117.3
1940 51.5 137.9
1941 72.0 129.9
1942 78.1 117.3
1943 124.5 89.3
1944 97.9 78.5
1945 18.0 157.0
1946 78.8 56.9
1947 57.0 137.8
1948 67.3 116.4
1949 69.5 115.6
1950 100.1 179.1
1951 50.0 112.8
1952 51.2 123.5
1953 70.7 111.3
1954 37.1 139.9
1955 59.5 119.2
1956 62.7 158.4
1957 63.4 125.4
1958 52.0 123.5
1959 37.7 132.8
1960 74.4 146.1
1961 70.5 126.0
1962 111.1 142.0
1963 60.2 128.7
1964 41.3 121.1
1965 78.4 114.1
1966 10.5 153.0
1967 82.8 135.9
1968 42.4 128.5
1969 50.9 119.1
1970 83.2 116.0
1971 66.0 124.3
1972 98.9 18.6
1973 88.9 128.1
1974 101.0 175.7
1975 57.1 118.8
1976 119.2 129.5
1977 44.8 165.6
1978 60.4 145.6
1979 88.6 124.7
1980 135.5 102.8
1981 67.3 96.4
1982 80.7 126.8
1983 67.8 100.4
1984 100.5 77.1
1985 62.9 109.2
1986 65.8 128.0
1987 70.8 152.0
1988 123.1 75.9
1989 66.3 153.5
1990 58.3 151.3
1991 69.0 134.9
1992 67.2 101.9
1993 80.2 116.9
1994 51.5 138.2
1995 51.7 106.9
1996 101.7 186.1
1997 53.6 135.6
1998 73.0 31.3
1999 77.9 138.8
2000 45.9 104.1
2001 73.3 125.9
2002 75.1 126.8
2003 75.1 146.2
2004 58.1 155.5
2005 75.8 118.4
2006 90.6 123.1
2007 90.3 79.2
2008 70.8 112.4
2009 94.9 123.1
2010 63.4 129.2
2011 50.8 92.9
2012 128.1 120.1
2013 52.8 107.9
2014 96.9 169.5
2015 75.9 125.6
2016 51.0 106.1
2017 97.5 127.1
2018 83.7 128.5
2019 86.5 128.7
2020 73.7 103.1
2021 72.8 113.8
2022 82.6 172.3
2023 80.0 113.3
2024 46.1 118.9
2025 73.9 132.5
2026 62.3 29.6
2027 86.1 109.1
2028 69.1 140.4
2029 50.0 135.0
2030 56.9 29.1
2031 67.8 130.0
2032 108.6 95.5
2033 101.9 17.0
2034 86.6 187.2
2035 56.9 171.3
2036 69.3 118.0
2037 22.0 147.9
2038 70.7 111.4
2039 44.1 114.6
2040 23.9 140.9
2041 103.3 170.9
2042 50.9 134.9
2043 76.6 113.8
2044 103.3 12.8
2045 71.1 147.0
2046 107.5 75.7
2047 89.8 128.6
2048 94.8 92.2
2049 45.9 158.9
2050 94.6 177.9
2051 106.1 109.4
2052 86.8 75.4
2053 57.6 148.5
2054 117.6 87.1
2055 85.6 99.7
2056 44.6 122.3
2057 70.2 114.7
2058 76.0 117.7
2059 57.8 130.0
2060 90.5 115.5
2061 63.1 105.3
2062 51.9 125.2
2063 88.9 38.5
2064 56.9 67.2
2065 92.4 18.0
2066 113.1 99.3
2067 46.5 114.3
2068 23.8 149.8
2069 50.0 116.1
2070 67.6 102.8
2071 81.6 176.9
2072 102.4 184.4
2073 68.3 103.7
2074 102.2 10.9
2075 40.8 147.9
2076 81.9 112.3
2077 77.2 105.2
2078 90.5 116.7
2079 105.5 119.8
2080 79.5 115.1
2081 82.8 134.2
2082 66.0 106.5
2083 82.9 126.1
2084 89.1 37.4
2085 47.1 106.7
2086 92.7 121.6
2087 62.5 118.9
2088 68.6 118.2
2089 77.1 113.7
2090 61.3 100.2
2091 41.0 138.3
2092 111.0 105.1
2093 58.3 109.1
2094 107.5 115.6
2095 126.7 128.7
2096 69.1 106.9
2097 97.0 135.2
2098 82.2 74.0
2099 49.9 166.5
2100 60.4 119.1
2101 78.4 124.5
2102 76.6 129.1
2103 71.8 115.8
2104 76.7 157.9
2105 114.8 69.7
2106 76.5 127.0
2107 50.1 114.8
2108 67.7 157.0
2109 62.5 138.7
2110 91.4 106.0
2111 86.1 60.0
2112 103.2 102.9
2113 76.6 128.7
2114 104.4 188.2
2115 77.3 21.9
2116 104.3 3.3
2117 92.1 94.9
2118 119.2 116.4
2119 89.1 68.0
2120 81.9 173.1
2121 43.7 138.3
2122 98.9 101.1
2123 57.6 156.9
2124 125.6 114.8
2125 61.7 148.6
2126 50.8 113.8
2127 74.2 100.2
2128 94.8 175.5
2129 103.7 176.0
2130 70.9 130.8
2131 58.1 115.9
2132 89.8 128.5
2133 88.4 107.0
2134 60.6 32.6
2135 58.8 128.8
2136 63.9 112.1
2137 24.7 130.6
2138 19.3 143.9
2139 85.8 102.9
2140 27.7 132.0
2141 97.0 178.5
2142 91.4 129.6
2143 100.9 160.1
2144 73.1 141.8
2145 52.3 124.0
2146 49.0 150.9
2147 54.8 22.0
2148 29.9 116.5
2149 71.1 16.7
2150 34.7 137.5
2151 71.8 157.4
2152 76.7 154.3
2153 56.0 155.4
2154 109.7 120.7
2155 85.2 102.6
2156 102.5 161.8
2157 76.4 166.0
2158 60.0 31.1
2159 74.4 37.9
2160 29.1 136.8
2161 63.9 148.7
2162 67.5 108.2
2163 68.4 116.9
2164 81.6 124.8
2165 67.9 119.6
2166 91.2 95.1
2167 30.3 151.5
2168 87.0 123.3
2169 91.9 111.5
2170 57.2 143.8
2171 67.4 100.0
2172 94.2 79.4
2173 90.3 70.1
2174 55.1 106.2
2175 95.4 161.7
2176 49.2 155.9
2177 65.0 117.6
2178 116.2 145.9
2179 74.2 142.8
2180 70.2 129.8
2181 82.6 153.1
2182 111.3 75.7
2183 74.7 90.1
2184 101.2 79.5
2185 56.9 90.8
2186 70.7 115.4
2187 56.7 126.4
2188 59.9 125.4
2189 68.1 133.0
2190 91.2 5.9
2191 86.5 92.3
2192 63.2 117.9
2193 95.9 72.6
2194 69.7 153.3
2195 63.1 120.5
2196 56.9 179.3
2197 66.9 140.4
2198 81.8 138.9
2199 86.5 136.8
2200 81.4 83.3
2201 56.9 111.0
2202 40.8 130.1
2203 68.9 132.9
2204 53.9 138.2
2205 30.8 163.8
2206 50.3 166.9
2207 51.5 96.4
2208 103.8 167.7
2209 73.7 142.9
2210 100.7 138.6
2211 77.8 112.3
2212 100.2 165.5
2213 74.4 152.1
2214 73.9 126.6
2215 95.2 102.0
2216 50.1 97.4
2217 105.2 118.4
2218 36.9 168.1
2219 70.1 113.4
2220 72.9 106.9
2221 112.2 110.8
2222 59.7 154.5
2223 68.1 108.9
2224 26.3 139.1
2225 57.5 127.8
2226 119.8 102.0
2227 79.3 74.5
2228 53.9 117.8
2229 37.3 169.9
2230 61.4 15.9
2231 61.1 125.9
2232 63.3 39.8
2233 53.4 111.0
2234 76.8 117.5
2235 39.3 167.4
2236 76.3 114.2
2237 27.0 134.6
2238 86.8 185.4
2239 113.8 146.3
2240 62.4 37.8
2241 95.6 109.4
2242 27.7 128.0
2243 45.7 120.3
2244 70.8 145.3
2245 67.1 128.9
2246 67.9 111.3
2247 57.4 151.7
2248 62.9 27.0
2249 116.4 70.8
2250 84.6 107.7
2251 81.0 122.7
2252 84.9 79.1
2253 100.0 170.7
2254 92.5 0.6
2255 93.6 128.7
2256 57.1 23.8
2257 99.0 15.6
2258 66.0 128.9
2259 104.7 122.9
2260 64.4 120.2
2261 98.3 70.7
2262 125.1 78.2
2263 74.7 127.7
2264 108.5 76.0
2265 74.9 117.0
2266 73.1 131.8
2267 82.3 118.3
2268 104.2 120.1
2269 62.6 112.4
2270 74.2 117.8
2271 50.7 133.6
2272 99.2 104.7
2273 66.2 112.5
2274 46.7 16.9
2275 58.5 118.0
2276 100.5 0.1
2277 14.4 145.9
2278 98.0 165.4
2279 56.4 140.7
2280 83.3 48.0
2281 31.1 118.7
2282 87.9 79.6
2283 63.3 137.4
2284 54.2 137.2
2285 67.6 153.5
2286 72.8 125.1
2287 68.1 128.0
2288 66.0 128.2
2289 103.7 177.9
2290 102.1 177.5
2291 83.7 126.6
2292 90.0 71.1
2293 67.9 117.5
2294 56.2 108.0
2295 73.4 138.7
2296 93.5 170.6
2297 10.5 157.8
2298 88.7 100.2
2299 50.7 119.8
2300 120.1 125.5
2301 45.6 101.4
2302 116.4 102.8
2303 87.4 71.3
2304 43.8 155.2
2305 56.0 123.5
2306 103.4 101.8
2307 59.4 118.1
2308 97.0 170.4
2309 117.8 142.9
2310 63.9 119.9
2311 65.4 113.4
2312 118.4 70.9
2313 38.7 121.7
2314 68.5 115.3
2315 79.0 34.9
2316 94.1 17.7
2317 90.5 119.6
2318 67.5 116.9
2319 34.5 128.3
2320 62.5 152.2
2321 30.3 167.9
2322 39.4 169.9
2323 29.8 112.9
2324 58.5 159.3
2325 64.1 137.3
2326 103.3 127.2
2327 72.6 113.5
2328 80.6 118.2
2329 64.8 115.9
2330 60.7 141.2
2331 7.8 154.7
2332 97.0 127.0
2333 81.4 110.7
2334 21.2 141.5
2335 100.5 162.1
2336 67.1 114.4
2337 67.7 119.6
2338 65.3 133.1
2339 113.0 75.1
2340 44.3 125.9
2341 85.3 146.5
2342 88.8 70.6
2343 67.5 136.9
2344 63.3 116.8
2345 45.5 157.4
2346 62.5 132.6
2347 61.6 116.4
2348 60.1 99.6
2349 67.6 139.3
2350 96.0 92.0
2351 97.2 116.6
2352 65.5 138.5
2353 53.0 119.5
2354 118.3 147.1
2355 67.6 155.7
2356 60.8 138.0
2357 51.0 139.4
2358 91.2 108.2
2359 109.2 104.3
2360 30.5 158.9
2361 64.6 167.0
2362 70.2 134.5
2363 59.8 115.2
2364 68.6 127.9
2365 87.3 24.3
2366 105.0 187.6
2367 115.6 99.5
2368 72.4 135.3
2369 64.1 154.0
2370 71.6 104.8
2371 69.7 144.9
2372 72.5 125.8
2373 61.3 121.0
2374 57.8 118.4
2375 42.5 121.2
2376 58.3 137.2
2377 59.8 132.2
2378 65.1 135.6
2379 75.0 107.3
2380 53.6 133.2
2381 76.8 112.4
2382 53.0 104.2
2383 50.4 135.1
2384 88.7 12.9
2385 65.0 157.7
2386 77.7 118.8
2387 62.0 125.4
2388 114.1 134.8
2389 82.8 175.1
2390 71.8 112.8
2391 100.6 181.4
2392 103.9 108.3
2393 61.2 80.3
2394 90.6 120.9
2395 103.9 162.6
2396 121.7 128.4
2397 66.4 110.5
2398 73.7 127.3
2399 96.9 147.0
2400 52.6 119.0
2401 59.3 116.0
2402 50.5 124.7
2403 90.4 145.0
2404 52.5 158.6
2405 88.6 107.4
2406 86.5 139.1
2407 64.6 139.2
2408 62.0 104.5
2409 58.5 140.8
2410 22.4 134.6
2411 89.2 127.2
2412 65.0 121.1
2413 61.6 138.5
2414 80.0 174.6
2415 114.1 121.3
2416 77.7 174.4
2417 41.9 118.3
2418 92.8 93.5
2419 100.7 189.3
2420 70.4 131.7
2421 73.3 138.0
2422 65.5 113.4
2423 62.5 142.6
2424 58.8 147.8
2425 57.3 118.6
2426 50.3 102.7
2427 52.0 107.0
2428 61.2 165.9
2429 99.6 12.5
2430 57.9 139.2
2431 66.2 148.8
2432 82.8 35.0
2433 97.2 10.6
2434 62.0 144.4
2435 114.5 84.5
2436 134.0 112.2
2437 94.1 174.3
2438 59.7 93.6
2439 64.5 106.3
2440 67.9 131.7
2441 1.8 176.4
2442 63.7 106.2
2443 1.7 159.6
2444 58.0 157.6
2445 60.4 107.0
2446 60.5 82.0
2447 99.8 138.2
2448 15.1 155.3
2449 91.0 128.2
2450 68.1 118.2
2451 95.6 130.7
2452 85.1 175.0
2453 104.0 183.8
2454 81.7 112.0
2455 59.2 173.8
2456 91.3 104.5
2457 62.8 157.9
2458 56.8 113.4
2459 33.8 127.8
2460 74.2 114.1
2461 94.2 8.2
2462 95.3 174.7
2463 110.1 99.0
2464 61.6 120.7
2465 56.1 168.8
2466 74.2 169.4
2467 21.1 134.1
2468 88.2 74.1
2469 63.4 117.2
2470 113.4 117.9
2471 46.2 101.0
2472 111.8 72.2
2473 70.4 100.5
2474 66.6 113.3
2475 92.3 132.0
2476 88.2 99.0
2477 89.1 126.8
2478 90.0 122.5
2479 69.9 144.0
2480 74.4 110.8
2481 101.2 75.2
2482 29.8 149.1
2483 62.7 120.1
2484 85.7 135.7
2485 66.7 130.6
2486 84.2 130.8
2487 92.4 8.5
2488 64.7 151.0
2489 116.3 97.9
2490 39.6 137.7
2491 109.9 93.4
2492 86.5 74.2
2493 70.9 20.3
2494 81.4 177.3
2495 37.0 132.3
2496 54.3 141.7
2497 61.4 157.8
2498 116.6 108.5
2499 104.8 126.0
2500 63.6 90.9
2501 34.3 118.9
2502 47.5 112.8
2503 45.4 124.6
2504 103.9 180.3
2505 15.1 133.1
2506 84.5 114.9
2507 43.1 126.3
2508 51.0 103.3
2509 56.0 16.6
2510 69.1 129.9
2511 98.4 182.2
2512 80.9 79.3
2513 107.2 117.9
2514 62.0 160.9
2515 66.0 94.1
2516 58.6 48.7
2517 76.8 128.5
2518 68.0 111.9
2519 86.4 138.2
2520 91.4 95.5
2521 102.6 131.5
2522 58.7 111.6
2523 61.7 61.3
2524 112.4 113.9
2525 93.6 116.0
2526 22.0 133.4
2527 76.7 123.7
2528 82.1 101.8
2529 30.7 190.3
2530 56.9 4.9
2531 81.8 174.1
2532 4.9 158.6
2533 82.6 119.6
2534 96.1 14.2
2535 31.0 131.3
2536 66.2 110.9
2537 101.7 162.9
2538 80.2 36.4
2539 58.6 108.1
2540 53.4 110.6
2541 56.2 114.7
2542 82.1 125.4
2543 48.0 131.6
2544 113.8 82.4
2545 93.0 96.1
2546 55.4 137.1
2547 70.6 66.1
2548 83.7 123.6
2549 81.3 179.8
2550 52.2 17.5
2551 84.6 172.1
2552 49.1 112.1
2553 53.9 115.2
2554 100.7 62.3
2555 63.4 158.0
2556 58.6 167.9
2557 45.4 127.3
2558 67.6 121.6
2559 69.1 118.3
2560 101.9 12.8
2561 9.5 155.4
2562 13.5 155.0
2563 62.9 133.6
2564 80.1 112.8
2565 84.0 126.4
2566 65.2 113.1
2567 73.4 167.8
2568 63.2 149.3
2569 137.4 106.7
2570 101.4 129.5
2571 81.4 137.2
2572 84.0 72.7
2573 77.6 119.4
2574 53.8 117.8
2575 108.2 76.4
2576 72.6 124.9
2577 97.7 120.4
2578 91.9 9.8
2579 68.6 116.0
2580 33.8 114.4
2581 82.5 109.2
2582 45.2 129.8
2583 88.2 77.3
2584 50.5 20.1
2585 58.7 109.0
2586 37.7 128.4
2587 94.1 179.2
2588 53.6 137.7
2589 69.7 100.8
2590 9.7 153.2
2591 65.5 101.8
2592 83.3 34.7
2593 73.7 127.9
2594 89.8 129.2
2595 77.4 71.6
2596 57.7 38.3
2597 15.4 133.7
2598 104.3 5.5
2599 85.7 63.9
2600 61.3 31.8
2601 52.9 109.9
2602 63.1 112.1
2603 86.8 127.7
2604 62.5 73.5
2605 84.7 128.2
2606 64.2 23.2
2607 81.9 126.2
2608 40.3 134.4
2609 109.5 102.3
2610 88.2 60.2
2611 65.5 120.3
2612 64.7 119.3
2613 68.4 113.4
2614 37.9 130.9
2615 56.6 128.6
2616 85.8 104.8
2617 94.1 126.2
2618 123.6 129.6
2619 56.6 9.6
2620 69.3 111.8
2621 73.0 28.0
2622 79.0 122.0
2623 56.0 160.1
2624 98.6 175.7
2625 70.2 118.5
2626 73.0 131.8
2627 66.2 116.5
2628 69.3 109.4
2629 52.5 93.1
2630 54.1 102.1
2631 96.1 172.2
2632 69.1 125.0
2633 62.5 46.4
2634 84.0 128.2
2635 89.1 77.5
2636 35.8 128.4
2637 89.2 138.8
2638 62.1 155.5
2639 85.2 25.7
2640 52.9 102.1
2641 108.8 184.4
2642 95.7 178.0
2643 72.4 112.0
2644 61.7 161.1
2645 47.5 101.4
2646 44.9 113.1
2647 89.0 78.8
2648 92.8 97.0
2649 81.5 103.6
2650 70.8 116.9
2651 57.6 132.8
2652 54.1 105.6
2653 68.6 114.8
2654 77.0 124.2
2655 60.3 109.4
2656 79.3 172.1
2657 58.1 94.0
2658 92.0 110.5
2659 50.0 128.5
2660 42.9 129.7
2661 129.3 93.5
2662 63.2 139.1
2663 52.6 178.1
2664 53.6 76.4
2665 69.4 128.4
2666 73.6 118.4
2667 113.9 118.6
2668 100.7 95.2
2669 51.1 128.3
2670 74.7 105.9
2671 85.4 65.0
2672 99.5 172.0
2673 88.3 120.0
2674 56.7 101.7
2675 99.8 160.8
2676 95.1 136.7
2677 55.7 124.3
2678 84.5 118.7
2679 60.5 128.4
2680 90.2 13.2
2681 110.7 101.5
2682 57.4 112.6
2683 99.8 171.9
2684 52.0 131.3
2685 56.2 102.2
2686 55.2 98.5
2687 107.1 96.2
2688 59.9 88.3
2689 70.6 107.0
2690 78.8 127.1
2691 16.7 139.3
2692 73.7 122.2
2693 105.7 110.9
2694 56.2 137.3
2695 88.4 119.7
2696 100.8 184.0
2697 99.6 186.7
2698 67.7 119.2
2699 93.5 137.1
2700 47.3 113.2
2701 68.4 93.5
2702 95.6 103.1
2703 48.0 129.7
2704 80.0 131.3
2705 67.3 113.7
2706 118.5 118.6
2707 45.3 132.9
2708 76.8 117.7
2709 107.4 145.5
2710 101.0 129.6
2711 49.3 95.8
2712 100.2 175.3
2713 68.8 143.6
2714 118.8 100.4
2715 60.4 128.5
2716 27.7 148.1
2717 58.7 85.5
2718 77.2 36.4
2719 72.5 117.5
2720 52.4 76.9
2721 87.0 106.3
2722 90.2 127.0
2723 40.9 122.1
2724 11.2 159.2
2725 89.3 138.4
2726 62.0 142.7
2727 95.1 168.0
2728 58.9 156.3
2729 71.1 130.5
2730 103.0 3.6
2731 69.3 103.3
2732 65.3 133.8
2733 68.8 101.0
2734 56.9 123.6
2735 111.5 70.5
2736 92.1 130.3
2737 91.9 90.8
2738 108.9 184.9
2739 64.4 131.1
2740 61.7 159.9
2741 55.8 10.5
2742 77.0 128.4
2743 112.4 117.2
2744 106.6 181.3
2745 137.3 97.1
2746 56.6 124.9
2747 62.6 133.9
2748 97.2 121.8
2749 71.6 24.9
2750 78.4 181.5
2751 65.4 130.5
2752 88.1 118.5
2753 82.0 106.3
2754 97.8 139.4
2755 4.1 151.6
2756 96.3 92.7
2757 30.2 116.4
2758 46.6 116.4
2759 66.0 116.9
2760 91.2 172.7
2761 73.8 107.4
2762 69.5 110.8
2763 72.9 151.4
2764 72.9 110.0
2765 33.8 137.1
2766 102.2 1.1
2767 63.1 113.5
2768 60.7 102.7
2769 115.9 107.6
2770 75.3 155.2
2771 59.7 24.8
2772 79.4 23.5
2773 68.3 117.1
2774 68.4 127.1
2775 61.9 126.4
2776 97.0 94.3
2777 85.3 172.5
2778 68.3 162.2
2779 104.5 128.0
2780 101.2 125.4
2781 70.9 125.3
2782 90.3 70.2
2783 77.4 172.5
2784 56.9 151.9
2785 25.0 137.7
2786 58.0 117.2
2787 69.8 64.4
2788 72.1 113.7
2789 49.2 102.6
2790 87.5 104.2
2791 116.8 73.1
2792 74.2 153.2
2793 89.5 113.4
2794 54.1 136.2
2795 42.4 139.8
2796 80.0 107.0
2797 68.7 137.8
2798 75.8 146.8
2799 86.6 170.2
2800 87.5 65.1
2801 63.6 151.3
2802 95.1 73.2
2803 114.9 119.7
2804 71.3 153.1
2805 32.0 135.2
2806 50.2 107.9
2807 31.8 155.5
2808 62.8 113.4
2809 74.0 133.9
2810 33.6 159.7
2811 100.7 99.9
2812 66.9 118.7
2813 54.9 146.2
2814 44.4 131.3
2815 38.9 161.6
2816 78.1 124.2
2817 104.9 146.9
2818 87.1 127.1
2819 75.7 128.3
2820 122.0 102.8
2821 88.3 171.8
2822 65.9 127.3
2823 93.3 96.0
2824 45.8 128.2
2825 61.8 153.2
2826 95.2 11.6
2827 11.1 150.8
2828 69.8 111.8
2829 108.4 78.6
2830 131.0 79.6
2831 91.4 137.3
2832 59.0 157.2
2833 53.9 110.1
2834 66.0 121.3
2835 53.9 118.5
2836 72.6 117.7
2837 64.4 137.0
2838 35.7 143.3
2839 92.9 113.9
2840 61.8 133.2
2841 62.2 118.8
2842 60.3 126.0
2843 72.3 57.8
2844 61.1 128.3
2845 100.1 121.9
2846 73.2 126.0
2847 84.9 115.8
2848 115.5 150.4
2849 43.6 126.2
2850 104.4 139.6
2851 64.5 122.9
2852 64.8 149.9
2853 92.3 135.9
2854 87.0 61.6
2855 62.4 118.0
2856 57.7 149.0
2857 36.3 159.6
2858 91.8 94.9
2859 65.8 151.1
2860 75.5 113.2
2861 99.6 185.0
2862 24.0 135.9
2863 83.0 156.8
2864 45.7 121.9
2865 92.3 83.2
2866 35.6 130.4
2867 28.6 130.3
2868 79.3 130.8
2869 93.4 136.8
2870 27.4 145.4
2871 92.3 109.2
2872 50.6 164.0
2873 30.0 168.2
2874 92.4 120.9
2875 54.4 139.0
2876 70.9 117.7
2877 74.3 141.4
2878 69.0 118.3
2879 86.0 163.7
2880 53.9 173.7
2881 62.1 44.2
2882 97.9 148.9
2883 81.9 109.2
2884 47.5 4.4
2885 37.2 144.1
2886 52.4 108.1
2887 51.8 114.1
2888 71.1 117.3
2889 48.4 124.1
2890 104.4 170.2
2891 101.6 141.0
2892 26.1 141.9
2893 78.1 122.0
2894 100.3 129.4
2895 65.2 116.3
2896 85.1 125.2
2897 78.4 20.7
2898 46.1 130.5
2899 28.9 150.5
2900 104.2 0.0
2901 67.8 151.2
2902 80.1 126.4
2903 86.5 76.7
2904 66.4 151.6
2905 97.9 136.3
2906 99.0 125.5
2907 48.5 139.9
2908 53.3 137.5
2909 98.4 128.2
2910 104.3 124.5
2911 68.7 114.0
2912 57.0 155.5
2913 89.7 115.0
2914 82.5 173.1
2915 99.1 120.0
2916 62.4 95.0
2917 98.0 102.9
2918 101.8 142.9
2919 65.1 122.3
2920 47.1 135.6
2921 95.4 126.5
2922 61.3 68.2
2923 59.7 115.3
2924 83.0 170.6
2925 56.0 154.3
2926 84.1 131.5
2927 53.6 128.3
2928 41.6 166.4
2929 105.7 103.5
2930 114.8 110.2
2931 57.9 151.6
2932 43.9 127.5
2933 117.6 118.8
2934 62.9 128.8
2935 83.7 159.5
2936 52.2 107.5
2937 64.7 131.2
2938 60.1 142.1
2939 98.7 145.9
2940 53.6 124.8
2941 7.9 150.8
2942 88.5 103.4
2943 47.1 115.8
2944 90.7 75.3
2945 92.6 19.0
2946 65.0 113.7
2947 89.6 99.6
2948 80.1 109.7
2949 25.6 145.8
2950 115.3 87.0
2951 60.2 143.4
2952 52.0 147.1
2953 87.6 35.2
2954 115.3 95.6
2955 54.0 92.7
2956 65.4 93.7
2957 99.3 106.5
2958 99.7 121.1
2959 83.6 111.0
2960 40.3 117.8
2961 64.0 123.8
2962 22.9 146.8
2963 61.6 22.1
2964 35.7 159.9
2965 22.4 140.7
2966 57.8 104.8
2967 56.3 118.5
2968 80.7 179.1
2969 100.8 154.0
2970 79.1 74.5
2971 33.1 121.5
2972 58.8 133.8
2973 59.4 152.1
2974 61.9 106.3
2975 37.1 148.7
2976 84.4 10.8
2977 60.4 92.4
2978 57.9 116.4
2979 57.7 163.6
2980 63.6 136.0
2981 50.1 23.5
2982 35.9 166.5
2983 103.2 171.1
2984 103.6 165.5
2985 72.0 26.9
2986 62.9 125.3
2987 90.2 15.9
2988 101.7 107.6
2989 76.1 142.6
2990 7.2 154.5
2991 55.3 157.6
2992 103.6 164.8
2993 93.3 14.4
2994 72.0 116.4
2995 90.3 97.6
2996 80.0 108.0
2997 58.3 29.9
2998 66.5 106.6
2999 82.2 82.4
3000 66.9 128.9
3001 82.9 129.5
DEMAND_SECTION
1 0
2 400
3 800
4 800
5 1200
6 800
7 400
8 400
9 400
10 800
11 400
12 1200
13 400
14 800
15 400
16 1200
17 1200
18 800
19 400
20 800
21 800
22 400
23 400
24 400
25 400
26 400
27 400
28 800
29 400
30 1200
31 400
32 400
33 1200
34 400
35 400
36 400
37 800
38 400
39 400
40 1200
41 400
42 800
43 800
44 1200
45 400
46 800
47 400
48 400
49 1200
50 1200
51 800
52 1200
53 800
54 400
55 1200
56 800
57 400
58 800
59 400
60 400
61 400
62 400
63 400
64 800
65 400
66 1200
67 800
68 400
69 1200
70 400
71 800
72 1200
73 1200
74 800
75 400
76 400
77 1200
78 1200
79 400
80 400
81 400
82 800
83 800
84 400
85 800
86 400
87 1200
88 400
89 400
90 800
91 400
92 1200
93 800
94 400
95 400
96 800
97 1200
98 400
99 1200
100 1200
101 400
102 800
103 400
104 400
105 400
106 400
107 400
108 1200
109 1200
110 800
111 400
112 400
113 400
114 400
115 1200
116 800
117 1200
118 400
119 400
120 800
121 400
122 800
123 400
124 400
125 1200
126 1200
127 400
128 400
129 400
130 1200
131 400
132 1200
133 800
134 800
135 800
136 400
137 800
138 400
139 400
140 1200
141 400
142 800
143 400
144 800
145 400
146 400
147 400
148 400
149 400
150 1200
151 1200
152 400
153 800
154 800
155 400
156 1200
157 400
158 400
159 400
160 400
161 400
162 400
163 800
164 800
165 400
166 400
167 400
168 400
169 1200
170 1200
171 1200
172 400
173 400
174 800
175 800
176 400
177 800
178 400
179 1200
180 1200
181 400
182 400
183 800
184 800
185 1200
186 400
187 400
188 400
189 1200
190 1200
191 1200
192 800
193 800
194 1200
195 800
196 400
197 400
198 400
199 400
200 400
201 800
202 400
203 400
204 400
205 800
206 800
207 800
208 1200
209 1200
210 400
211 800
212 400
213 400
214 1200
215 400
216 800
217 1200
218 800
219 400
220 400
221 400
222 1200
223 400
224 400
225 400
226 1200
227 1200
228 800
229 800
230 800
231 400
232 400
233 400
234 400
235 400
236 400
237 400
238 1200
239 400
240 800
241 400
242 400
243 800
244 800
245 400
246 400
247 400
248 400
249 400
250 400
251 400
252 400
253 1200
254 400
255 400
256 1200
257 1200
258 800
259 800
260 800
261 400
262 400
263 400
264 400
265 400
266 800
267 400
268 800
269 800
270 800
271 800
272 400
273 1200
274 800
275 800
276 400
277 400
278 800
279 400
280 400
281 400
282 1200
283 800
284 1200
285 400
286 800
287 400
288 800
289 400
290 800
291 800
292 1200
293 800
294 400
295 400
296 1200
297 800
298 800
299 1200
300 400
301 400
302 800
303 400
304 400
305 1200
306 400
307 400
308 800
309 400
310 800
311 400
312 400
313 1200
314 800
315 400
316 800
317 400
318 400
319 800
320 400
321 400
322 400
323 800
324 800
325 1200
326 400
327 400
328 800
329 800
330 400
331 800
332 400
333 400
334 400
335 400
336 400
337 400
338 400
339 800
340 400
341 400
342 400
343 400
344 800
345 800
346 400
347 400
348 400
349 1200
350 800
351 800
352 800
353 800
354 400
355 800
356 400
357 400
358 800
359 400
360 800
361 1200
362 1200
363 1200
364 400
365 400
366 400
367 400
368 1200
369 400
370 400
371 800
372 1200
373 1200
374 800
375 400
376 400
377 800
378 400
379 400
380 400
381 800
382 800
383 1200
384 400
385 400
386 400
387 400
388 400
389 400
390 400
391 800
392 400
393 800
394 800
395 800
396 400
397 800
398 400
399 800
400 400
401 800
402 1200
403 400
404 400
405 400
406 400
407 400
408 1200
409 400
410 800
411 400
412 400
413 400
414 400
415 1200
416 400
417 400
418 800
419 1200
420 1200
421 1200
422 800
423 400
424 800
425 800
426 400
427 1200
428 400
429 400
430 400
431 1200
432 400
433 400
434 1200
435 400
436 400
437 400
438 800
439 1200
440 800
441 1200
442 400
443 400
444 800
445 400
446 400
447 800
448 1200
449 400
450 400
451 400
452 400
453 400
454 400
455 800
456 400
457 800
458 400
459 1200
460 400
461 400
462 1200
463 800
464 800
465 400
466 800
467 1200
468 400
469 800
470 800
471 400
472 400
473 1200
474 800
475 400
476 800
477 400
478 400
479 400
480 1200
481 800
482 400
483 800
484 1200
485 800
486 400
487 400
488 400
489 400
490 400
491 400
492 400
493 400
494 400
495 800
496 400
497 800
498 400
499 800
500 400
501 400
502 400
503 800
504 400
505 800
506 800
507 800
508 800
509 400
510 800
511 400
512 1200
513 800
514 400
515 1200
516 800
517 1200
518 800
519 1200
520 1200
521 400
522 800
523 400
524 800
525 400
526 800
527 400
528 800
529 800
530 400
531 800
532 400
533 400
534 800
535 400
536 1200
537 800
538 800
539 400
540 400
541 400
542 400
543 1200
544 400
545 1200
546 400
547 400
548 1200
549 800
550 1200
551 400
552 800
553 400
554 400
555 400
556 800
557 400
558 1200
559 800
560 400
561 400
562 1200
563 800
564 400
565 800
566 800
567 800
568 1200
569 800
570 800
571 400
572 400
573 800
574 400
575 400
576 400
577 400
578 400
579 400
580 400
581 400
582 1200
583 800
584 1200
585 1200
586 1200
587 400
588 400
589 400
590 800
591 1200
592 400
593 400
594 400
595 400
596 800
597 1200
598 400
599 1200
600 400
601 800
602 1200
603 400
604 800
605 400
606 400
607 400
608 400
609 400
610 400
611 400
612 400
613 400
614 400
615 800
616 1200
617 800
618 800
619 800
620 400
621 400
622 400
623 1200
624 400
625 400
626 400
627 400
628 400
629 1200
630 800
631 400
632 400
633 800
634 800
635 800
636 400
637 400
638 400
639 400
640 800
641 400
642 400
643 800
644 400
645 400
646 800
647 400
648 800
649 1200
650 1200
651 400
652 400
653 1200
654 800
655 400
656 800
657 400
658 800
659 1200
660 400
661 400
662 1200
663 1200
664 400
665 400
666 800
667 1200
668 800
669 1200
670 800
671 800
672 800
673 400
674 400
675 400
676 800
677 800
678 800
679 400
680 800
681 400
682 1200
683 800
684 400
685 800
686 1200
687 400
688 400
689 800
690 400
691 1200
692 400
693 800
694 400
695 400
696 400
697 400
698 400
699 1200
700 1200
701 400
702 800
703 400
704 1200
705 400
706 1200
707 1200
708 1200
709 400
710 800
711 1200
712 400
713 800
714 400
715 1200
716 1200
717 400
718 400
719 800
720 400
721 400
722 400
723 800
724 800
725 400
726 400
727 400
728 400
729 400
730 400
731 800
732 1200
733 400
734 400
735 1200
736 400
737 800
738 800
739 400
740 400
741 400
742 400
743 400
744 800
745 1200
746 400
747 400
748 800
749 1200
750 400
751 800
752 800
753 400
754 800
755 400
756 800
757 400
758 400
759 1200
760 800
761 400
762 400
763 1200
764 400
765 400
766 400
767 400
768 400
769 400
770 800
771 400
772 800
773 800
774 400
775 400
776 400
777 400
778 800
779 800
780 800
781 1200
782 400
783 400
784 400
785 800
786 1200
787 1200
788 400
789 1200
790 1200
791 1200
792 800
793 400
794 400
795 400
796 800
797 1200
798 800
799 800
800 400
801 1200
802 1200
803 400
804 400
805 800
806 800
807 1200
808 1200
809 400
810 800
811 400
812 800
813 800
814 800
815 400
816 1200
817 400
818 800
819 400
820 400
821 800
822 1200
823 400
824 400
825 400
826 800
827 1200
828 400
829 800
830 400
831 1200
832 400
833 800
834 400
835 800
836 800
837 400
838 800
839 400
840 400
841 400
842 400
843 400
844 400
845 400
846 400
847 400
848 800
849 800
850 400
851 400
852 400
853 400
854 400
855 1200
856 800
857 800
858 400
859 400
860 1200
861 400
862 400
863 800
864 1200
865 1200
866 800
867 800
868 400
869 400
870 800
871 800
872 1200
873 800
874 400
875 1200
876 400
877 400
878 400
879 800
880 1200
881 1200
882 800
883 400
884 400
885 400
886 800
887 800
888 1200
889 1200
890 800
891 400
892 1200
893 400
894 800
895 400
896 400
897 1200
898 800
899 400
900 1200
901 400
902 1200
903 400
904 1200
905 800
906 800
907 1200
908 400
909 400
910 800
911 1200
912 1200
913 800
914 400
915 1200
916 1200
917 400
918 400
919 400
920 400
921 400
922 400
923 1200
924 400
925 400
926 1200
927 400
928 400
929 800
930 1200
931 800
932 400
933 400
934 800
935 800
936 1200
937 400
938 800
939 400
940 400
941 400
942 400
943 400
944 800
945 1200
946 1200
947 400
948 400
949 400
950 800
951 400
952 400
953 1200
954 400
955 800
956 400
957 1200
958 400
959 800
960 800
961 400
962 400
963 800
964 800
965 800
966 800
967 400
968 1200
969 400
970 800
971 400
972 400
973 1200
974 400
975 1200
976 400
977 1200
978 1200
979 400
980 400
981 400
982 1200
983 800
984 400
985 800
986 800
987 800
988 400
989 400
990 400
991 800
992 800
993 800
994 800
995 800
996 400
997 400
998 400
999 400
1000 400
1001 400
1002 400
1003 400
1004 400
1005 800
1006 800
1007 800
1008 1200
1009 1200
1010 400
1011 400
1012 400
1013 800
1014 800
1015 400
1016 1200
1017 400
1018 800
1019 400
1020 1200
1021 800
1022 400
1023 400
1024 400
1025 1200
1026 400
1027 400
1028 1200
1029 1200
1030 1200
1031 400
1032 400
1033 400
1034 400
1035 400
1036 400
1037 400
1038 800
1039 1200
1040 400
1041 800
1042 400
1043 800
1044 400
1045 400
1046 800
1047 400
1048 400
1049 800
1050 400
1051 400
1052 800
1053 1200
1054 800
1055 800
1056 400
1057 400
1058 400
1059 400
1060 800
1061 800
1062 800
1063 400
1064 400
1065 400
1066 800
1067 800
1068 400
1069 400
1070 400
1071 400
1072 400
1073 400
1074 800
1075 400
1076 1200
1077 800
1078 400
1079 800
1080 800
1081 400
1082 400
1083 1200
1084 400
1085 400
1086 800
1087 1200
1088 800
1089 400
1090 800
1091 800
1092 1200
1093 400
1094 1200
1095 400
1096 800
1097 400
1098 400
1099 400
1100 400
1101 1200
1102 800
1103 400
1104 400
1105 400
1106 800
1107 800
1108 1200
1109 400
1110 800
1111 1200
1112 400
1113 800
1114 1200
1115 400
1116 400
1117 800
1118 800
1119 400
1120 1200
1121 400
1122 400
1123 800
1124 400
1125 1200
1126 400
1127 800
1128 400
1129 1200
1130 400
1131 800
1132 1200
1133 1200
1134 400
1135 1200
1136 800
1137 800
1138 800
1139 800
1140 1200
1141 800
1142 800
1143 800
1144 800
1145 400
1146 400
1147 800
1148 400
1149 400
1150 800
1151 400
1152 400
1153 800
1154 400
1155 400
1156 400
1157 800
1158 800
1159 400
1160 1200
1161 800
1162 1200
1163 400
1164 400
1165 1200
1166 400
1167 1200
1168 400
1169 1200
1170 1200
1171 800
1172 1200
1173 400
1174 800
1175 400
1176 400
1177 400
1178 400
1179 400
1180 800
1181 800
1182 400
1183 400
1184 400
1185 800
1186 400
1187 800
1188 1200
1189 800
1190 800
1191 1200
1192 400
1193 400
1194 800
1195 1200
1196 400
1197 800
1198 400
1199 400
1200 800
1201 1200
1202 800
1203 400
1204 400
1205 400
1206 400
1207 400
1208 800
1209 400
1210 1200
1211 400
1212 400
1213 400
1214 1200
1215 1200
1216 1200
1217 800
1218 1200
1219 400
1220 800
1221 400
1222 1200
1223 1200
1224 400
1225 800
1226 400
1227 800
1228 800
1229 400
1230 400
1231 800
1232 800
1233 1200
1234 400
1235 1200
1236 400
1237 1200
1238 1200
1239 400
1240 400
1241 400
1242 1200
1243 1200
1244 400
1245 400
1246 400
1247 400
1248 1200
1249 1200
1250 800
1251 400
1252 1200
1253 400
1254 800
1255 800
1256 400
1257 1200
1258 400
1259 1200
1260 1200
1261 1200
1262 400
1263 1200
1264 400
1265 1200
1266 400
1267 800
1268 1200
1269 800
1270 400
1271 800
1272 1200
1273 400
1274 800
1275 400
1276 400
1277 800
1278 800
1279 400
1280 1200
1281 400
1282 400
1283 1200
1284 1200
1285 800
1286 800
1287 400
1288 400
1289 400
1290 400
1291 800
1292 800
1293 800
1294 400
1295 1200
1296 400
1297 1200
1298 400
1299 400
1300 400
1301 1200
1302 400
1303 800
1304 400
1305 1200
1306 400
1307 400
1308 400
1309 400
1310 1200
1311 400
1312 800
1313 400
1314 800
1315 800
1316 800
1317 800
1318 400
1319 400
1320 800
1321 1200
1322 400
1323 400
1324 1200
1325 400
1326 800
1327 800
1328 800
1329 800
1330 400
1331 400
1332 1200
1333 1200
1334 400
1335 800
1336 800
1337 800
1338 400
1339 800
1340 400
1341 400
1342 400
1343 400
1344 1200
1345 400
1346 800
1347 800
1348 400
1349 800
1350 400
1351 1200
1352 400
1353 400
1354 1200
1355 800
1356 400
1357 800
1358 400
1359 400
1360 800
1361 400
1362 800
1363 800
1364 400
1365 400
1366 1200
1367 400
1368 1200
1369 1200
1370 1200
1371 400
1372 400
1373 400
1374 400
1375 800
1376 1200
1377 1200
1378 400
1379 400
1380 800
1381 400
1382 400
1383 400
1384 1200
1385 800
1386 800
1387 400
1388 400
1389 400
1390 800
1391 400
1392 1200
1393 400
1394 400
1395 400
1396 400
1397 1200
1398 800
1399 800
1400 800
1401 800
1402 1200
1403 400
1404 1200
1405 1200
1406 800
1407 800
1408 400
1409 400
1410 400
1411 400
1412 1200
1413 1200
1414 1200
1415 800
1416 1200
1417 400
1418 800
1419 400
1420 400
1421 800
1422 400
1423 400
1424 1200
1425 800
1426 400
1427 800
1428 1200
1429 800
1430 1200
1431 800
1432 1200
1433 800
1434 400
1435 400
1436 400
1437 400
1438 800
1439 1200
1440 800
1441 400
1442 1200
1443 400
1444 400
1445 400
1446 1200
1447 800
1448 1200
1449 800
1450 400
1451 1200
1452 800
1453 1200
1454 800
1455 400
1456 400
1457 400
1458 400
1459 800
1460 1200
1461 400
1462 1200
1463 400
1464 400
1465 800
1466 400
1467 400
1468 400
1469 1200
1470 800
1471 800
1472 800
1473 1200
1474 800
1475 1200
1476 1200
1477 400
1478 1200
1479 400
1480 1200
1481 800
1482 1200
1483 1200
1484 400
1485 400
1486 400
1487 400
1488 400
1489 800
1490 400
1491 400
1492 800
1493 1200
1494 1200
1495 800
1496 400
1497 400
1498 1200
1499 800
1500 400
1501 1200
1502 800
1503 400
1504 1200
1505 400
1506 1200
1507 800
1508 800
1509 800
1510 800
1511 800
1512 1200
1513 400
1514 400
1515 400
1516 400
1517 800
1518 1200
1519 1200
1520 1200
1521 1200
1522 800
1523 400
1524 1200
1525 1200
1526 800
1527 400
1528 400
1529 400
1530 1200
1531 400
1532 800
1533 800
1534 400
1535 400
1536 1200
1537 400
1538 400
1539 400
1540 400
1541 1200
1542 400
1543 800
1544 800
1545 1200
1546 400
1547 400
1548 400
1549 800
1550 800
1551 400
1552 1200
1553 400
1554 400
1555 400
1556 400
1557 800
1558 400
1559 1200
1560 400
1561 400
1562 400
1563 400
1564 400
1565 400
1566 800
1567 800
1568 1200
1569 800
1570 1200
1571 1200
1572 800
1573 400
1574 400
1575 400
1576 400
1577 800
1578 800
1579 400
1580 400
1581 1200
1582 800
1583 400
1584 1200
1585 400
1586 800
1587 400
1588 800
1589 400
1590 800
1591 1200
1592 800
1593 400
1594 1200
1595 800
1596 800
1597 800
1598 400
1599 800
1600 400
1601 400
1602 800
1603 1200
1604 1200
1605 400
1606 400
1607 400
1608 400
1609 400
1610 400
1611 800
1612 400
1613 400
1614 400
1615 400
1616 400
1617 800
1618 400
1619 400
1620 400
1621 800
1622 400
1623 400
1624 800
1625 800
1626 400
1627 800
1628 800
1629 1200
1630 800
1631 400
1632 400
1633 800
1634 400
1635 1200
1636 400
1637 800
1638 400
1639 800
1640 1200
1641 400
1642 1200
1643 1200
1644 800
1645 1200
1646 800
1647 1200
1648 1200
1649 400
1650 800
1651 800
1652 800
1653 800
1654 1200
1655 1200
1656 800
1657 800
1658 800
1659 400
1660 400
1661 400
1662 800
1663 400
1664 400
1665 400
1666 1200
1667 400
1668 1200
1669 400
1670 400
1671 800
1672 400
1673 400
1674 400
1675 800
1676 400
1677 400
1678 400
1679 800
1680 400
1681 800
1682 400
1683 400
1684 800
1685 400
1686 400
1687 400
1688 400
1689 1200
1690 1200
1691 1200
1692 400
1693 800
1694 800
1695 400
1696 400
1697 800
1698 400
1699 400
1700 400
1701 400
1702 1200
1703 400
1704 800
1705 800
1706 1200
1707 1200
1708 1200
1709 400
1710 400
1711 800
1712 400
1713 800
1714 400
1715 800
1716 400
1717 400
1718 800
1719 800
1720 1200
1721 400
1722 1200
1723 1200
1724 400
1725 1200
1726 800
1727 400
1728 400
1729 1200
1730 800
1731 400
1732 800
1733 800
1734 800
1735 800
1736 400
1737 400
1738 800
1739 800
1740 400
1741 800
1742 400
1743 400
1744 400
1745 800
1746 800
1747 800
1748 400
1749 400
1750 400
1751 400
1752 400
1753 1200
1754 400
1755 1200
1756 800
1757 800
1758 800
1759 400
1760 400
1761 1200
1762 1200
1763 400
1764 400
1765 1200
1766 400
1767 800
1768 400
1769 400
1770 400
1771 400
1772 800
1773 400
1774 400
1775 1200
1776 1200
1777 1200
1778 400
1779 800
1780 400
1781 800
1782 1200
1783 400
1784 400
1785 400
1786 800
1787 400
1788 400
1789 1200
1790 400
1791 800
1792 400
1793 1200
1794 800
1795 400
1796 400
1797 800
1798 400
1799 800
1800 400
1801 800
1802 400
1803 1200
1804 400
1805 1200
1806 400
1807 400
1808 400
1809 400
1810 1200
1811 400
1812 1200
1813 800
1814 800
1815 400
1816 400
1817 1200
1818 400
1819 400
1820 400
1821 800
1822 400
1823 400
1824 400
1825 800
1826 400
1827 400
1828 400
1829 800
1830 800
1831 400
1832 400
1833 800
1834 400
1835 400
1836 800
1837 1200
1838 400
1839 800
1840 1200
1841 400
1842 800
1843 400
1844 400
1845 400
1846 400
1847 1200
1848 1200
1849 800
1850 400
1851 800
1852 400
1853 800
1854 400
1855 800
1856 800
1857 400
1858 800
1859 400
1860 800
1861 1200
1862 400
1863 1200
1864 400
1865 1200
1866 400
1867 1200
1868 400
1869 1200
1870 400
1871 400
1872 800
1873 800
1874 1200
1875 800
1876 800
1877 800
1878 400
1879 800
1880 800
1881 400
1882 400
1883 400
1884 1200
1885 800
1886 800
1887 1200
1888 400
1889 400
1890 400
1891 800
1892 400
1893 400
1894 800
1895 800
1896 400
1897 800
1898 1200
1899 400
1900 800
1901 400
1902 400
1903 400
1904 1200
1905 400
1906 1200
1907 400
1908 400
1909 400
1910 400
1911 400
1912 800
1913 1200
1914 400
1915 800
1916 1200
1917 400
1918 400
1919 800
1920 1200
1921 1200
1922 400
1923 800
1924 400
1925 800
1926 800
1927 800
1928 400
1929 400
1930 400
1931 400
1932 400
1933 800
1934 1200
1935 400
1936 400
1937 400
1938 400
1939 800
1940 400
1941 400
1942 400
1943 400
1944 400
1945 800
1946 800
1947 1200
1948 400
1949 800
1950 400
1951 800
1952 400
1953 800
1954 1200
1955 800
1956 1200
1957 400
1958 1200
1959 400
1960 400
1961 400
1962 400
1963 800
1964 800
1965 400
1966 400
1967 400
1968 400
1969 400
1970 400
1971 1200
1972 1200
1973 1200
1974 800
1975 400
1976 800
1977 400
1978 800
1979 1200
1980 800
1981 400
1982 800
1983 400
1984 400
1985 400
1986 800
1987 800
1988 800
1989 400
1990 400
1991 400
1992 800
1993 1200
1994 1200
1995 800
1996 400
1997 400
1998 1200
1999 800
2000 400
2001 400
2002 800
2003 400
2004 1200
2005 1200
2006 1200
2007 1200
2008 400
2009 800
2010 400
2011 800
2012 800
2013 400
2014 400
2015 400
2016 800
2017 800
2018 400
2019 400
2020 400
2021 400
2022 800
2023 400
2024 400
2025 400
2026 400
2027 1200
2028 1200
2029 400
2030 400
2031 400
2032 400
2033 1200
2034 800
2035 400
2036 800
2037 800
2038 400
2039 800
2040 800
2041 1200
2042 400
2043 400
2044 800
2045 1200
2046 800
2047 400
2048 800
2049 400
2050 1200
2051 1200
2052 1200
2053 800
2054 1200
2055 400
2056 400
2057 1200
2058 800
2059 400
2060 400
2061 400
2062 400
2063 800
2064 400
2065 400
2066 800
2067 1200
2068 400
2069 800
2070 400
2071 400
2072 400
2073 400
2074 800
2075 400
2076 800
2077 400
2078 400
2079 400
2080 800
2081 400
2082 1200
2083 800
2084 1200
2085 1200
2086 400
2087 400
2088 400
2089 1200
2090 1200
2091 400
2092 400
2093 400
2094 400
2095 1200
2096 400
2097 1200
2098 800
2099 1200
2100 400
2101 1200
2102 400
2103 1200
2104 1200
2105 400
2106 400
2107 800
2108 400
2109 400
2110 1200
2111 400
2112 400
2113 400
2114 1200
2115 400
2116 400
2117 800
2118 400
2119 400
2120 400
2121 400
2122 800
2123 1200
2124 400
2125 400
2126 800
2127 800
2128 400
2129 800
2130 400
2131 1200
2132 400
2133 800
2134 800
2135 1200
2136 1200
2137 1200
2138 400
2139 400
2140 800
2141 800
2142 800
2143 400
2144 400
2145 400
2146 400
2147 400
2148 800
2149 800
2150 400
2151 400
2152 1200
2153 1200
2154 400
2155 1200
2156 400
2157 400
2158 400
2159 400
2160 800
2161 400
2162 400
2163 400
2164 400
2165 400
2166 1200
2167 1200
2168 400
2169 400
2170 400
2171 800
2172 1200
2173 400
2174 800
2175 400
2176 800
2177 800
2178 400
2179 400
2180 1200
2181 400
2182 800
2183 400
2184 800
2185 800
2186 1200
2187 800
2188 800
2189 1200
2190 800
2191 400
2192 400
2193 400
2194 400
2195 400
2196 400
2197 800
2198 400
2199 400
2200 400
2201 400
2202 400
2203 800
2204 400
2205 400
2206 400
2207 800
2208 1200
2209 1200
2210 1200
2211 400
2212 800
2213 800
2214 400
2215 400
2216 1200
2217 400
2218 800
2219 800
2220 400
2221 400
2222 400
2223 800
2224 1200
2225 400
2226 400
2227 800
2228 1200
2229 400
2230 1200
2231 400
2232 400
2233 800
2234 400
2235 1200
2236 400
2237 800
2238 1200
2239 800
2240 400
2241 400
2242 400
2243 400
2244 400
2245 400
2246 1200
2247 400
2248 800
2249 400
2250 400
2251 1200
2252 800
2253 400
2254 400
2255 400
2256 800
2257 1200
2258 400
2259 1200
2260 800
2261 400
2262 1200
2263 800
2264 400
2265 400
2266 400
2267 1200
2268 1200
2269 400
2270 400
2271 800
2272 400
2273 800
2274 1200
2275 1200
2276 400
2277 1200
2278 1200
2279 400
2280 400
2281 400
2282 400
2283 400
2284 800
2285 1200
2286 400
2287 1200
2288 1200
2289 400
2290 400
2291 800
2292 1200
2293 400
2294 400
2295 400
2296 1200
2297 400
2298 800
2299 400
2300 400
2301 1200
2302 400
2303 400
2304 400
2305 400
2306 400
2307 400
2308 400
2309 1200
2310 800
2311 800
2312 400
2313 400
2314 400
2315 400
2316 400
2317 800
2318 800
2319 800
2320 800
2321 400
2322 1200
2323 400
2324 1200
2325 800
2326 400
2327 400
2328 400
2329 400
2330 800
2331 400
2332 1200
2333 400
2334 1200
2335 400
2336 400
2337 400
2338 800
2339 400
2340 400
2341 400
2342 400
2343 400
2344 400
2345 800
2346 400
2347 1200
2348 800
2349 400
2350 800
2351 800
2352 400
2353 400
2354 400
2355 400
2356 400
2357 400
2358 400
2359 800
2360 400
2361 400
2362 400
2363 1200
2364 800
2365 800
2366 800
2367 400
2368 800
2369 800
2370 800
2371 400
2372 800
2373 800
2374 1200
2375 800
2376 1200
2377 400
2378 400
2379 1200
2380 800
2381 400
2382 400
2383 1200
2384 800
2385 400
2386 400
2387 800
2388 800
2389 800
2390 400
2391 1200
2392 400
2393 800
2394 400
2395 400
2396 800
2397 400
2398 800
2399 400
2400 800
2401 400
2402 400
2403 800
2404 400
2405 400
2406 800
2407 800
2408 400
2409 800
2410 800
2411 800
2412 400
2413 1200
2414 1200
2415 1200
2416 400
2417 1200
2418 400
2419 800
2420 1200
2421 400
2422 400
2423 400
2424 400
2425 400
2426 400
2427 1200
2428 1200
2429 400
2430 400
2431 1200
2432 400
2433 1200
2434 1200
2435 800
2436 400
2437 800
2438 400
2439 800
2440 800
2441 400
2442 800
2443 1200
2444 400
2445 1200
2446 1200
2447 400
2448 800
2449 400
2450 1200
2451 800
2452 800
2453 400
2454 400
2455 1200
2456 800
2457 800
2458 1200
2459 400
2460 800
2461 400
2462 400
2463 400
2464 800
2465 400
2466 800
2467 800
2468 400
2469 800
2470 400
2471 1200
2472 800
2473 400
2474 1200
2475 400
2476 800
2477 800
2478 1200
2479 1200
2480 1200
2481 400
2482 1200
2483 400
2484 1200
2485 400
2486 800
2487 400
2488 400
2489 400
2490 800
2491 1200
2492 400
2493 800
2494 400
2495 400
2496 400
2497 800
2498 400
2499 400
2500 400
2501 400
2502 1200
2503 400
2504 1200
2505 400
2506 800
2507 400
2508 1200
2509 800
2510 400
2511 400
2512 800
2513 400
2514 400
2515 800
2516 400
2517 800
2518 400
2519 400
2520 400
2521 400
2522 400
2523 400
2524 1200
2525 800
2526 800
2527 400
2528 800
2529 400
2530 800
2531 400
2532 1200
2533 400
2534 800
2535 1200
2536 800
2537 400
2538 800
2539 400
2540 800
2541 400
2542 1200
2543 800
2544 400
2545 800
2546 400
2547 800
2548 400
2549 1200
2550 800
2551 400
2552 400
2553 400
2554 1200
2555 400
2556 800
2557 400
2558 400
2559 800
2560 800
2561 800
2562 400
2563 400
2564 400
2565 400
2566 400
2567 400
2568 800
2569 400
2570 800
2571 400
2572 400
2573 1200
2574 400
2575 400
2576 400
2577 400
2578 400
2579 800
2580 1200
2581 400
2582 400
2583 1200
2584 1200
2585 400
2586 800
2587 400
2588 400
2589 400
2590 400
2591 400
2592 800
2593 800
2594 400
2595 800
2596 1200
2597 800
2598 800
2599 400
2600 800
2601 400
2602 1200
2603 800
2604 400
2605 1200
2606 800
2607 1200
2608 800
2609 800
2610 1200
2611 800
2612 800
2613 800
2614 800
2615 400
2616 800
2617 400
2618 800
2619 400
2620 1200
2621 400
2622 1200
2623 400
2624 1200
2625 400
2626 400
2627 400
2628 800
2629 400
2630 400
2631 400
2632 800
2633 400
2634 800
2635 400
2636 400
2637 1200
2638 400
2639 400
2640 800
2641 800
2642 800
2643 400
2644 800
2645 1200
2646 400
2647 1200
2648 400
2649 400
2650 800
2651 1200
2652 400
2653 400
2654 400
2655 400
2656 1200
2657 400
2658 400
2659 400
2660 400
2661 400
2662 800
2663 800
2664 400
2665 400
2666 400
2667 400
2668 800
2669 400
2670 800
2671 400
2672 400
2673 800
2674 800
2675 800
2676 800
2677 1200
2678 400
2679 400
2680 400
2681 400
2682 400
2683 1200
2684 400
2685 400
2686 400
2687 1200
2688 1200
2689 1200
2690 1200
2691 800
2692 1200
2693 800
2694 800
2695 400
2696 1200
2697 400
2698 1200
2699 400
2700 800
2701 400
2702 1200
2703 400
2704 400
2705 1200
2706 1200
2707 400
2708 1200
2709 1200
2710 1200
2711 1200
2712 400
2713 400
2714 1200
2715 800
2716 800
2717 400
2718 1200
2719 400
2720 400
2721 800
2722 400
2723 1200
2724 400
2725 400
2726 400
2727 800
2728 800
2729 1200
2730 400
2731 400
2732 400
2733 400
2734 400
2735 800
2736 1200
2737 400
2738 400
2739 400
2740 800
2741 1200
2742 800
2743 400
2744 800
2745 800
2746 400
2747 400
2748 400
2749 400
2750 1200
2751 400
2752 800
2753 1200
2754 1200
2755 400
2756 800
2757 1200
2758 1200
2759 800
2760 400
2761 800
2762 1200
2763 800
2764 800
2765 400
2766 400
2767 800
2768 1200
2769 1200
2770 400
2771 1200
2772 800
2773 800
2774 400
2775 400
2776 400
2777 1200
2778 400
2779 800
2780 800
2781 400
2782 400
2783 800
2784 800
2785 400
2786 400
2787 400
2788 800
2789 400
2790 1200
2791 1200
2792 400
2793 1200
2794 1200
2795 400
2796 400
2797 400
2798 400
2799 800
2800 1200
2801 800
2802 400
2803 800
2804 800
2805 400
2806 400
2807 1200
2808 400
2809 1200
2810 400
2811 1200
2812 400
2813 800
2814 400
2815 400
2816 400
2817 800
2818 1200
2819 400
2820 400
2821 800
2822 1200
2823 400
2824 1200
2825 400
2826 400
2827 800
2828 1200
2829 800
2830 1200
2831 800
2832 400
2833 400
2834 1200
2835 400
2836 400
2837 400
2838 1200
2839 400
2840 400
2841 1200
2842 800
2843 400
2844 400
2845 800
2846 1200
2847 800
2848 1200
2849 400
2850 400
2851 400
2852 1200
2853 400
2854 400
2855 800
2856 400
2857 400
2858 1200
2859 400
2860 1200
2861 400
2862 800
2863 400
2864 400
2865 1200
2866 1200
2867 400
2868 800
2869 400
2870 1200
2871 400
2872 400
2873 400
2874 400
2875 800
2876 400
2877 400
2878 400
2879 1200
2880 400
2881 400
2882 400
2883 400
2884 400
2885 800
2886 400
2887 400
2888 800
2889 400
2890 800
2891 800
2892 400
2893 400
2894 800
2895 400
2896 800
2897 400
2898 400
2899 400
2900 400
2901 400
2902 1200
2903 1200
2904 400
2905 400
2906 400
2907 400
2908 1200
2909 400
2910 1200
2911 400
2912 1200
2913 400
2914 1200
2915 400
2916 1200
2917 400
2918 800
2919 800
2920 400
2921 400
2922 400
2923 1200
2924 400
2925 400
2926 400
2927 400
2928 1200
2929 400
2930 400
2931 400
2932 1200
2933 400
2934 400
2935 800
2936 400
2937 400
2938 800
2939 400
2940 400
2941 400
2942 1200
2943 400
2944 800
2945 800
2946 800
2947 1200
2948 1200
2949 1200
2950 400
2951 800
2952 800
2953 800
2954 400
2955 400
2956 800
2957 1200
2958 800
2959 1200
2960 800
2961 1200
2962 1200
2963 400
2964 400
2965 400
2966 400
2967 400
2968 800
2969 400
2970 400
2971 800
2972 800
2973 1200
2974 400
2975 800
2976 400
2977 400
2978 400
2979 800
2980 800
2981 400
2982 400
2983 400
2984 1200
2985 400
2986 1200
2987 400
2988 400
2989 800
2990 800
2991 800
2992 1200
2993 400
2994 400
2995 400
2996 400
2997 400
2998 400
2999 400
3000 400
3001 200